# nB[fm-3], eps[MeVfm-3], p[MeVfm-3], M*_p[MeV], M*_n[MeV], chempo_p[MeV], chempo_n[MeV], xp[], kF_p[MeV], kF_n[MeV], gamma_fixYp[], dchempo_delta_dYp[MeV]
0.005 4.708016345 0.007637277865 924.4669664 924.4669664 930.7687716 943.1307247 0.001656520375 12.35138708 104.3302225 1.596484347 nan
0.01 9.429152528 0.02320650243 910.3771345 910.3771345 923.1259937 945.235903 0.004747144053 22.10400349 131.31206 1.653881289 nan
0.015 14.15976114 0.04461818748 896.665305 896.665305 916.0045804 946.9586216 0.008687660499 30.94982305 150.1161419 1.663929267 nan
0.02 18.89829079 0.06991983958 883.283998 883.283998 909.3565839 948.4105315 0.01308798755 39.0506044 164.9793598 1.618678804 -1260.019504
0.025 23.64344912 0.09684972353 870.1949398 870.1949398 903.1421197 949.6119536 0.01764063288 46.46702418 177.4449334 1.526968431 -1062.823686
0.03 28.3940132 0.1232477424 857.3664096 857.3664096 897.3281579 950.5753647 0.02211713297 53.24475482 188.2765222 1.399434868 -973.4467218
0.035 33.14883764 0.1473603886 844.771692 844.771692 891.8878833 951.3199437 0.02636123451 59.42986357 197.9165464 1.245543816 -924.7024143
0.04 37.90689132 0.1679836394 832.3880138 832.3880138 886.799869 951.8718739 0.03027624336 65.06999848 206.6471781 1.073782463 -897.4006483
0.045 42.66728608 0.184489608 820.195767 820.195767 882.0471093 952.2616821 0.0338107142 70.21271334 214.6602911 0.8927666591 -883.1773444
0.05 47.42929169 0.1967889202 808.1779234 808.1779234 877.6160473 952.5216122 0.03694549734 74.90382185 222.0924323 0.7126710973 -877.606066
0.055 52.19233925 0.2052652404 796.319587 796.319587 873.4956871 952.6837179 0.03968335694 79.18638211 229.0441402 0.5467922176 -878.0599422
0.06 56.95601705 0.210702547 784.6076459 784.6076459 869.676825 952.7786599 0.04204124277 83.10026377 235.5914315 0.4130116899 -882.8538148
0.065 61.72006168 0.2142148919 773.0304987 773.0304987 866.1514056 952.8350243 0.04404480512 86.68211249 241.7930249 0.3346117256 -890.8413959
0.07 66.48434676 0.2171822058 761.5778365 761.5778365 862.9119927 952.8789852 0.0457246238 89.96554129 247.6950853 0.3393790054 -901.2051462
0.075 71.24887039 0.2211927099 750.2404674 750.2404674 859.9513443 952.9341747 0.04711367019 92.98142632 253.334453 0.4555381576 -913.3383146
0.08 76.01374249 0.2279913489 739.0101741 739.0101741 857.2620811 953.021673 0.04824562217 95.75822849 258.7409055 0.703603407 -926.7751078
0.085 80.77917208 0.2394334703 727.8795978 727.8795978 854.8364425 953.1600653 0.04915375307 98.3222949 263.9387837 1.085724451 -941.1476883
0.09 85.54545507 0.2574432175 716.8421425 716.8421425 852.6661243 953.3655365 0.04987020022 100.6981157 268.9481863 1.57796252 -956.1588656
0.095 90.31296253 0.2839764796 705.8918973 705.8918973 850.742194 953.6519896 0.05042548317 102.9085269 273.7858649 2.132300346 -971.5642826
0.1 95.08212964 0.3209885771 695.023573 695.023573 849.0550804 954.0311822 0.05084818754 104.9748581 278.4659066 2.6899938 -987.1604792
0.105 99.8534453 0.3704070835 684.2324509 684.2324509 847.5946275 954.5128798 0.05116476256 106.9170312 283.0002625 3.199217953 -1002.776647
0.11 104.6274426 0.434110239 673.5143421 673.5143421 846.3502063 955.1050259 0.05139940118 108.7536191 287.3991616 3.627038106 -1018.268729
0.115 109.4046902 0.5139113282 662.8655564 662.8655564 845.3108702 955.8139266 0.05157398489 110.5018749 291.6714382 3.96140915 -1033.515037
0.12 114.1857846 0.6115491805 652.2828786 652.2828786 844.4655423 956.6444486 0.05170808207 112.1777424 295.8247926 4.20604827 -1048.412888
0.125 118.9713435 0.7286846708 641.7635525 641.7635525 843.8032182 957.6002256 0.05181899244 113.7958601 299.8659992 4.373329103 -1062.87596
0.13 123.7620001 0.8669028096 631.3052698 631.3052698 843.3131719 958.6838682 0.05192183084 115.3695646 303.8010729 4.478550494 -1076.83219
0.135 128.5583983 1.027719747 620.906165 620.906165 842.9851528 959.8971711 0.05202964341 116.9109016 307.6354023 4.536498081 -1090.222109
0.14 133.3611899 1.212593835 610.5648137 610.5648137 842.8095622 961.2413121 0.05215354867 118.4306475 311.3738561 4.559883032 -1102.997537
0.145 138.1710308 1.422939778 600.280235 600.280235 842.7776059 962.7170384 0.05230289532 119.9383439 315.0208669 4.558930158 -1115.12056
0.15 142.9885804 1.660144913 590.0518961 590.0518961 842.8814161 964.3248352 0.05248542922 121.442344 318.5804997 4.541533066 -1126.562742
0.155 147.8144999 1.925586678 579.8797193 579.8797193 843.1141435 966.0650746 0.05270746194 122.9498692 322.0565047 4.513622251 -1137.304493
0.16 152.6494525 2.220650462 569.7640903 569.7640903 843.4700199 967.9381434 0.05297403481 124.4670745 325.4523611 4.479566323 -1147.334549
0.165 157.4941035 2.546747141 559.7058677 559.7058677 843.9443944 969.9445495 0.05328907348 125.9991189 328.7713121 4.442530419 -1156.649501
0.17 162.3491214 2.905329722 549.7063917 549.7063917 844.5337453 972.0850065 0.05365552932 127.5502376 332.016393 4.404769002 -1165.253348
0.175 167.2151786 3.29790866 539.7674933 539.7674933 845.2356725 974.3604988 0.05407550563 129.1238152 335.1904555 4.367853996 -1173.15703
0.18 172.0929536 3.726065476 529.8915012 529.8915012 846.0488733 976.7723281 0.05455036746 130.722456 338.2961883 4.332847794 -1180.377945
0.185 176.9831319 4.191464389 520.0812475 520.0812475 846.9731039 979.322142 0.05508083511 132.3480515 341.3361342 4.300432445 -1186.939419
0.19 181.8864083 4.695861721 510.340069 510.340069 848.0091303 982.0119475 0.05566706209 134.0018429 344.3127063 4.271005317 -1192.870158
0.195 186.8034886 5.241112856 500.6718056 500.6718056 849.1586688 984.84411 0.05630869878 135.684479 347.2282019 4.244749689 -1198.203661
0.2 191.7350912 5.829176547 491.0807925 491.0807925 850.4243188 987.8213385 0.05700494358 137.3960695 350.0848155 4.221686901 -1202.977624
0.205 196.6819488 6.462116385 481.5718467 481.5718467 851.8094874 990.9466593 0.05775458353 139.1362336 352.8846508 4.201715096 -1207.233328
0.21 201.6448101 7.142099232 472.1502461 472.1502461 853.3183064 994.2233776 0.05855602643 140.9041446 355.6297314 4.184638356 -1211.01503
0.215 206.6244408 7.871390476 462.8216995 462.8216995 854.9555423 997.655029 0.0594073266 142.6985718 358.3220115 4.170189046 -1214.369356
0.22 211.6216248 8.652345967 453.5923088 453.5923088 856.7264986 1001.245321 0.06030620648 144.5179195 360.9633845 4.158045461 -1217.344705
0.225 216.6371647 9.487400566 444.4685194 444.4685194 858.6369112 1004.998068 0.06125007583 146.3602648 363.5556915 4.147846289 -1219.99067
0.23 221.6718826 10.37905331 435.4570624 435.4570624 860.6928365 1008.917113 0.0622360506 148.2233953 366.1007287 4.139203 -1222.357466
0.235 226.7266194 11.32984934 426.5648852 426.5648852 862.900534 1013.00625 0.06326097292 150.104846 368.6002532 4.131710894 -1224.495379
0.24 231.8022347 12.34235869 417.799073 417.799073 865.266343 1017.269139 0.06432143369 152.0019372 371.0559881 4.124959292 -1226.454231
0.245 236.8996061 13.41915254 409.1667618 409.1667618 867.7965572 1021.709219 0.06541379868 153.9118134 373.4696259 4.118541121 -1228.282853
0.25 242.0196274 14.56277712 400.6750445 400.6750445 870.4972972 1026.329618 0.06653423896 155.8314832 375.8428311 4.11206198 -1230.028587
0.255 247.1632074 15.77572622 392.3308713 392.3308713 873.374385 1031.133073 0.06767876585 157.7578603 378.1772409 4.105148617 -1231.736802
0.26 252.3312671 17.06041286 384.1409488 384.1409488 876.4332235 1036.121846 0.06884327034 159.6878047 380.474465 4.097456675 -1233.450443
0.265 257.5247376 18.41914103 376.1116392 376.1116392 879.6786828 1041.297655 0.07002356641 161.6181646 382.7360843 4.08867749 -1235.209609
0.27 262.7445572 19.85407847 368.2488627 368.2488627 883.1149985 1046.661614 0.07121543748 163.5458169 384.963648 4.078543713 -1237.051177
0.275 267.9916681 21.36723131 360.558008 360.558008 886.7456834 1052.21418 0.07241468461 165.4677073 387.1586705 4.066833554 -1239.008486
0.28 273.267013 22.96042147 353.0438517 353.0438517 890.5734567 1057.955123 0.07361717523 167.3808865 389.3226274 4.053373492 -1241.111072
0.285 278.5715318 24.63526756 345.7104905 345.7104905 894.6001906 1063.883507 0.07481889077 169.2825447 391.456951 4.038039366 -1243.384483
0.29 283.9061578 26.39316991 338.5612884 338.5612884 898.8268785 1069.997682 0.07601597168 171.1700405 393.5630259 4.020755866 -1245.850173
0.295 289.2718144 28.23530001 331.5988398 331.5988398 903.2536221 1076.295303 0.07720475833 173.0409264 395.6421845 4.001494513 -1248.525468
0.3 294.6694116 30.16259478 324.8249493 324.8249493 907.8796396 1082.773355 0.07838182678 174.8929684 397.695703 3.980270309 -1251.423631
0.305 300.0998426 32.17575538 318.2406286 318.2406286 912.7032917 1089.42819 0.07954401812 176.7241596 399.7247979 3.957137316 -1254.553985
0.31 305.5639811 34.27525054 311.8461092 311.8461092 917.7221248 1096.255586 0.08068846109 178.5327299 401.7306234 3.932183432 -1257.922122
0.315 311.0626782 36.46132402 305.6408694 305.6408694 922.932928 1103.250801 0.08181258756 180.3171486 403.7142693 3.905524678 -1261.530171
0.32 316.5967602 38.73400544 299.6236749 299.6236749 928.3318022 1110.408643 0.08291414083 182.0761233 405.6767598 3.877299296 -1265.377106
0.325 322.1670264 41.09312418 293.7926285 293.7926285 933.9142357 1117.72354 0.08399117739 183.8085943 407.6190535 3.84766191 -1269.459101
0.33 327.7742476 43.53832544 288.1452287 288.1452287 939.6751868 1125.189615 0.0850420624 185.5137246 409.5420438 3.816777993 -1273.769898
0.335 333.4191643 46.0690879 282.6784338 282.6784338 945.6091677 1132.800753 0.08606546002 187.1908878 411.4465606 3.784818811 -1278.301187
0.34 339.1024864 48.68474225 277.3887287 277.3887287 951.7103278 1140.550672 0.0870603192 188.8396533 413.3333716 3.751956952 -1283.04298
0.345 344.8248917 51.38449007 272.2721929 272.2721929 957.9725357 1148.432991 0.08802585606 190.4597695 415.2031858 3.718362526 -1287.983972
0.35 350.5870263 54.16742258 267.3245682 267.3245682 964.3894554 1156.441282 0.08896153375 192.0511472 417.0566558 3.684200052 -1293.111878
0.355 356.3895038 57.03253867 262.541323 262.541323 970.9546182 1164.569134 0.08986704059 193.6138413 418.8943815 3.649626016 -1298.413741
0.36 362.2329063 59.97876208 257.9177143 257.9177143 977.6614872 1172.81019 0.09074226742 195.1480336 420.7169134 3.614787064 -1303.876209
0.365 368.117784 63.00495733 253.4488437 253.4488437 984.5035155 1181.158195 0.09158728472 196.6540159 422.5247563 3.579818762 -1309.485775
0.37 374.0446563 66.10994438 249.1297102 249.1297102 991.4741963 1189.607029 0.09240232021 198.1321735 424.3183732 3.544844858 -1315.228981
0.375 380.0140123 69.29251173 244.955256 244.955256 998.5671065 1198.150731 0.09318773716 199.5829702 426.0981883 3.509976952 -1321.092593
0.38 386.026312 72.55142816 240.9204077 240.9204077 1005.775943 1206.783527 0.093944014 201.0069344 427.8645913 3.475314524 -1327.063738
0.385 392.0819868 75.88545295 237.0201118 237.0201118 1013.094552 1215.499844 0.09467172532 202.4046462 429.6179399 3.440945216 -1333.130012
0.39 398.1814407 79.29334475 233.2493655 233.2493655 1020.516955 1224.294322 0.09537152436 203.7767262 431.3585633 3.406945327 -1339.279563
0.395 404.3250517 82.77386904 229.6032419 229.6032419 1028.037363 1233.161825 0.09604412725 205.1238253 433.0867654 3.373380446 -1345.50115
0.4 410.5131725 86.3258045 226.0769114 226.0769114 1035.650194 1242.097442 0.09669029881 206.4466159 434.8028268 3.340306187 -1351.784183
0.405 416.7461318 89.94794816 222.6656586 222.6656586 1043.350082 1251.096494 0.09731084002 207.7457838 436.5070079 3.307768977 -1358.11874
0.41 423.0242357 93.6391196 219.3648956 219.3648956 1051.131878 1260.154525 0.09790657697 209.0220221 438.1995508 3.275806867 -1364.49558
0.415 429.3477683 97.39816428 216.1701724 216.1701724 1058.990661 1269.267308 0.09847835139 210.2760252 439.8806815 3.244450341 -1370.906133
0.42 435.7169934 101.223956 213.0771843 213.0771843 1066.92173 1278.430832 0.09902701239 211.5084841 441.5506115 3.213723105 -1377.342491
0.425 442.1321549 105.1153989 210.0817764 210.0817764 1074.920607 1287.641303 0.09955340949 212.7200827 443.2095397 3.183642841 -1383.797386
0.43 448.5934786 109.0714286 207.179947 207.179947 1082.983029 1296.895133 0.1000583868 213.9114941 444.8576536 3.154221915 -1390.264163
0.435 455.1011728 113.0910131 204.3678484 204.3678484 1091.104948 1306.188933 0.1005427782 215.0833785 446.4951307 3.125468041 -1396.736752
0.44 461.6554292 117.1731531 201.6417869 201.6417869 1099.282521 1315.519505 0.1010074031 216.236381 448.1221396 3.097384882 -1403.209638
0.445 468.2564241 121.3168821 198.9982208 198.9982208 1107.512104 1324.883834 0.1014530638 217.3711299 449.7388412 3.069972613 -1409.677824
0.45 474.9043191 125.5212661 196.4337584 196.4337584 1115.790245 1334.279078 0.1018805423 218.4882356 451.345389 3.043228414 -1416.136803
0.455 481.599262 129.7854032 193.9451545 193.9451545 1124.113676 1343.702561 0.1022905989 219.5882898 452.9419307 3.017146924 -1422.582517
0.46 488.3413876 134.1084229 191.5293067 191.5293067 1132.479305 1353.151762 0.1026839703 220.6718648 454.528608 2.991720643 -1429.011332
0.465 495.1308185 138.4894855 189.1832509 189.1832509 1140.884207 1362.62431 0.1030613691 221.7395135 456.1055579 2.966940289 -1435.420001
0.47 501.9676659 142.927781 186.9041572 186.9041572 1149.325617 1372.117972 0.1034234828 222.7917693 457.6729127 2.942795114 -1441.805634
0.475 508.8520299 147.4225282 184.6893244 184.6893244 1157.80092 1381.630649 0.1037709734 223.8291456 459.2308008 2.919273179 -1448.165672
0.48 515.7840007 151.9729738 182.5361756 182.5361756 1166.307646 1391.160364 0.1041044777 224.8521369 460.7793468 2.896361599 -1454.497856
0.485 522.7636588 156.5783911 180.4422528 180.4422528 1174.843461 1400.705258 0.104424607 225.8612183 462.318672 2.874046753 -1460.800202
0.49 529.7910757 161.2380793 178.4052122 178.4052122 1183.40616 1410.263582 0.1047319478 226.8568464 463.8488946 2.852314464 -1467.070979
0.495 536.8663143 165.9513621 176.4228187 176.4228187 1191.993657 1419.83369 0.1050270617 227.8394595 465.37013 2.831150164 -1473.308683
0.5 543.9894296 170.7175867 174.4929416 174.4929416 1200.603984 1429.414033 0.1053104864 228.8094785 466.8824911 2.810539022 -1479.512019
0.505 551.1604692 175.5361231 172.6135494 172.6135494 1209.235278 1439.003153 0.1055827364 229.767307 468.3860882 2.790466064 -1485.679878
0.51 558.3794735 180.4063625 170.7827052 170.7827052 1217.88578 1448.599678 0.105844303 230.713332 469.8810295 2.770916269 -1491.811327
0.515 565.6464762 185.3277167 168.9985621 168.9985621 1226.553828 1458.202316 0.1060956558 231.6479248 471.3674211 2.751874655 -1497.905581
0.52 572.9615048 190.299617 167.2593591 167.2593591 1235.237847 1467.80985 0.1063372431 232.571441 472.8453668 2.733326345 -1503.961998
0.525 580.3245809 195.3215134 165.5634165 165.5634165 1243.936351 1477.421132 0.1065694926 233.4842218 474.3149689 2.715256629 -1509.980061
0.53 587.7357206 200.3928735 163.9091322 163.9091322 1252.647932 1487.035083 0.1067928125 234.3865941 475.7763277 2.697651008 -1515.959365
0.535 595.1949345 205.5131816 162.2949774 162.2949774 1261.371258 1496.650684 0.107007592 235.2788713 477.2295418 2.680495234 -1521.899607
0.54 602.7022286 210.6819382 160.7194935 160.7194935 1270.105069 1506.266975 0.1072142021 236.1613537 478.6747082 2.663775342 -1527.800575
0.545 610.2576039 215.8986589 159.1812882 159.1812882 1278.848171 1515.883051 0.1074129969 237.0343294 480.1119223 2.647477675 -1533.662137
0.55 617.8610573 221.1628738 157.679032 157.679032 1287.599433 1525.498057 0.1076043134 237.8980746 481.5412779 2.631588903 -1539.484235
0.555 625.5125813 226.4741267 156.2114553 156.2114553 1296.357785 1535.111186 0.1077884732 238.7528538 482.9628673 2.616096035 -1545.266876
0.56 633.2121648 231.8319745 154.7773454 154.7773454 1305.122211 1544.721677 0.1079657826 239.5989213 484.3767816 2.60098643 -1551.010123
0.565 640.9597925 237.2359866 153.3755433 153.3755433 1313.891749 1554.328813 0.1081365337 240.4365204 485.78311 2.586247806 -1556.714092
0.57 648.7554462 242.6857439 152.0049412 152.0049412 1322.665486 1563.931912 0.1083010046 241.2658851 487.1819409 2.57186824 -1562.378943
0.575 656.5991038 248.1808388 150.66448 150.66448 1331.442556 1573.530335 0.1084594606 242.0872397 488.573361 2.557836169 -1568.004877
0.58 664.4907407 253.7208742 149.3531465 149.3531465 1340.222137 1583.123474 0.1086121546 242.9007996 489.9574558 2.544140394 -1573.592128
0.585 672.4303288 259.3054633 148.0699715 148.0699715 1349.003448 1592.710756 0.1087593274 243.7067717 491.3343094 2.530770069 -1579.140963
0.59 680.4178376 264.9342289 146.8140271 146.8140271 1357.78575 1602.291638 0.1089012089 244.5053545 492.7040048 2.517714704 -1584.651676
0.595 688.4532337 270.6068029 145.5844251 145.5844251 1366.568336 1611.865608 0.1090380179 245.2967392 494.0666237 2.504964155 -1590.124582
0.6 696.5364813 276.322826 144.3803149 144.3803149 1375.350539 1621.432179 0.1091699634 246.081109 495.4222466 2.492508617 -1595.560018
0.605 704.6675424 282.0819473 143.2008814 143.2008814 1384.131723 1630.990892 0.1092972445 246.8586405 496.7709528 2.480338623 -1600.958338
0.61 712.8463764 287.8838237 142.0453434 142.0453434 1392.911281 1640.541312 0.1094200512 247.6295033 498.1128203 2.468445027 -1606.31991
0.615 721.072941 293.7281197 140.912952 140.912952 1401.688639 1650.083025 0.1095385647 248.3938607 499.447926 2.456819002 -1611.645115
0.62 729.3471915 299.6145071 139.802989 139.802989 1410.463249 1659.615643 0.109652958 249.1518698 500.7763459 2.445452031 -1616.934345
0.625 737.6690816 305.5426645 138.7147653 138.7147653 1419.23459 1669.138794 0.1097633961 249.9036818 502.0981546 2.434335895 -1622.187998
0.63 746.0385631 311.5122771 137.6476195 137.6476195 1428.002164 1678.652127 0.1098700364 250.6494425 503.4134256 2.423462667 -1627.406481
0.635 754.455586 317.5230365 136.6009166 136.6009166 1436.7655 1688.155311 0.1099730295 251.3892921 504.7222315 2.4128247 -1632.590206
0.64 762.9200988 323.57464 135.574047 135.574047 1445.524146 1697.648029 0.1100725188 252.1233659 506.0246436 2.40241462 -1637.739586
0.645 771.4320483 329.6667909 134.5664248 134.5664248 1454.277673 1707.129983 0.1101686416 252.8517944 507.3207324 2.392225319 -1642.855041
0.65 779.9913802 335.7991978 133.577487 133.577487 1463.025671 1716.600889 0.1102615288 253.5747032 508.610567 2.382249941 -1647.93699
0.655 788.5980384 341.9715747 132.6066923 132.6066923 1471.767751 1726.060478 0.1103513058 254.2922137 509.894216 2.372481875 -1652.985852
0.66 797.2519657 348.1836405 131.6535202 131.6535202 1480.503539 1735.508494 0.1104380921 255.0044429 511.1717464 2.362914751 -1658.002048
0.665 805.9531036 354.4351191 130.71747 130.71747 1489.232681 1744.944696 0.1105220021 255.711504 512.4432246 2.353542423 -1662.985996
0.67 814.7013926 360.7257387 129.7980598 129.7980598 1497.954837 1754.368853 0.1106031452 256.413506 513.7087159 2.344358969 -1667.938114
0.675 823.4967717 367.0552323 128.8948257 128.8948257 1506.669684 1763.780747 0.1106816261 257.1105545 514.9682847 2.335358677 -1672.858817
0.68 832.3391792 373.4233368 128.0073211 128.0073211 1515.376913 1773.180171 0.1107575448 257.8027513 516.2219942 2.326536041 -1677.748516
0.685 841.2285523 379.8297935 127.1351156 127.1351156 1524.076228 1782.566928 0.1108309971 258.4901951 517.4699071 2.317885752 -1682.607621
0.69 850.1648271 386.2743473 126.2777947 126.2777947 1532.767348 1791.940833 0.1109020746 259.172981 518.7120848 2.309402688 -1687.436538
0.695 859.1479389 392.7567473 125.4349587 125.4349587 1541.450003 1801.301707 0.110970865 259.8512013 519.9485879 2.301081912 -1692.235668
0.7 868.1778222 399.2767458 124.6062223 124.6062223 1550.123936 1810.649383 0.1110374524 260.5249452 521.1794762 2.292918662 -1697.005408
0.705 877.2544105 405.8340989 123.7912139 123.7912139 1558.788902 1819.983701 0.1111019171 261.1942991 522.4048086 2.284908342 -1701.746151
0.71 886.3776367 412.4285659 122.989575 122.989575 1567.444665 1829.304511 0.1111643364 261.8593466 523.6246429 2.277046523 -1706.458285
0.715 895.5474328 419.0599094 122.2009596 122.2009596 1576.091001 1838.611667 0.111224784 262.5201686 524.8390364 2.269328927 -1711.142194
0.72 904.7637304 425.7278952 121.4250337 121.4250337 1584.727696 1847.905036 0.1112833307 263.1768438 526.0480453 2.26175143 -1715.798256
0.725 914.02646 432.4322921 120.6614748 120.6614748 1593.354543 1857.184486 0.1113400444 263.8294482 527.2517251 2.254310051 -1720.426843
0.73 923.3355518 439.1728718 119.9099713 119.9099713 1601.971346 1866.449895 0.1113949901 264.4780556 528.4501305 2.247000946 -1725.028325
0.735 932.6909353 445.9494088 119.1702222 119.1702222 1610.577919 1875.701149 0.1114482303 265.1227376 529.6433153 2.239820407 -1729.603062
0.74 942.0925395 452.7616805 118.4419367 118.4419367 1619.17408 1884.938135 0.1114998248 265.7635636 530.8313327 2.232764854 -1734.151414
0.745 951.5402927 459.6094667 117.7248335 117.7248335 1627.75966 1894.160751 0.1115498311 266.4006009 532.0142348 2.225830827 -1738.67373
0.75 961.0341229 466.49255 117.0186407 117.0186407 1636.334493 1903.368897 0.1115983042 267.0339151 533.1920733 2.219014989 -1743.170358
0.755 970.5739574 473.4107153 116.3230952 116.3230952 1644.898423 1912.56248 0.1116452972 267.6635697 534.364899 2.212314116 -1747.641638
0.76 980.1597233 480.3637501 115.6379426 115.6379426 1653.4513 1921.741412 0.1116908608 268.2896263 535.5327619 2.20572509 -1752.087906
0.765 989.791347 487.3514442 114.9629365 114.9629365 1661.992979 1930.905609 0.111735044 268.9121449 536.6957113 2.199244904 -1756.509492
0.77 999.4687547 494.3735895 114.2978385 114.2978385 1670.523324 1940.054992 0.1117778934 269.5311839 537.8537959 2.192870648 -1760.90672
0.775 1009.191872 501.4299803 113.6424178 113.6424178 1679.042204 1949.189487 0.1118194543 270.1467999 539.0070636 2.186599513 -1765.279909
0.78 1018.960625 508.520413 112.9964508 112.9964508 1687.549492 1958.309023 0.1118597698 270.7590479 540.1555617 2.180428781 -1769.629374
0.785 1028.774937 515.6446861 112.3597207 112.3597207 1696.04507 1967.413533 0.1118988818 271.3679818 541.2993366 2.174355825 -1773.955422
0.79 1038.634735 522.8026002 111.7320178 111.7320178 1704.528822 1976.502956 0.11193683 271.9736535 542.4384344 2.168378107 -1778.258358
0.795 1048.539942 529.9939577 111.1131385 111.1131385 1713.000639 1985.577232 0.1119736531 272.5761139 543.5729002 2.16249317 -1782.538479
0.8 1058.490482 537.2185631 110.5028856 110.5028856 1721.460416 1994.636306 0.1120093881 273.1754125 544.7027787 2.156698638 -1786.796077
0.805 1068.486279 544.4762228 109.9010677 109.9010677 1729.908053 2003.680127 0.1120440705 273.7715973 545.8281138 2.150992214 -1791.031442
0.81 1078.527258 551.766745 109.3074994 109.3074994 1738.343454 2012.708645 0.1120777347 274.3647152 546.9489489 2.145371674 -1795.244856
0.815 1088.61334 559.0899396 108.7220005 108.7220005 1746.766529 2021.721816 0.1121104136 274.9548121 548.0653267 2.139834865 -1799.436597
0.82 1098.74445 566.4456184 108.1443965 108.1443965 1755.17719 2030.719596 0.112142139 275.5419323 549.1772894 2.134379706 -1803.606938
0.825 1108.92051 573.8335949 107.5745177 107.5745177 1763.575354 2039.701946 0.1121729416 276.1261193 550.2848785 2.12900418 -1807.756148
0.83 1119.141444 581.2536843 107.0121995 107.0121995 1771.960942 2048.668829 0.1122028506 276.7074155 551.388135 2.123706335 -1811.884489
0.835 1129.407173 588.7057033 106.4572821 106.4572821 1780.333878 2057.620211 0.1122318946 277.2858621 552.4870992 2.118484281 -1815.992222
0.84 1139.71762 596.1894703 105.9096101 105.9096101 1788.694091 2066.55606 0.1122601008 277.8614994 553.5818111 2.113336186 -1820.0796
0.845 1150.072707 603.7048055 105.3690327 105.3690327 1797.041511 2075.476347 0.1122874956 278.4343667 554.6723099 2.108260278 -1824.146874
0.85 1160.472357 611.2515302 104.8354033 104.8354033 1805.376074 2084.381044 0.1123141044 279.0045024 555.7586344 2.103254837 -1828.19429
0.855 1170.916492 618.8294676 104.3085795 104.3085795 1813.697717 2093.270128 0.1123399516 279.5719438 556.8408227 2.098318199 -1832.222088
0.86 1181.405033 626.4384423 103.7884227 103.7884227 1822.006382 2102.143576 0.1123650609 280.1367277 557.9189126 2.09344875 -1836.230505
0.865 1191.937902 634.0782802 103.2747982 103.2747982 1830.302012 2111.001366 0.1123894551 280.6988896 558.9929412 2.088644925 -1840.219775
0.87 1202.51502 641.7488089 102.7675752 102.7675752 1838.584553 2119.843482 0.112413156 281.2584645 560.0629453 2.083905208 -1844.190127
0.875 1213.13631 649.4498572 102.2666262 102.2666262 1846.853956 2128.669906 0.1124361848 281.8154864 561.128961 2.079228128 -1848.141785
0.88 1223.801693 657.1812553 101.7718272 101.7718272 1855.110172 2137.480623 0.1124585621 282.3699887 562.1910239 2.074612258 -1852.074971
0.885 1234.51109 664.9428349 101.2830577 101.2830577 1863.353156 2146.275622 0.1124803075 282.9220039 563.2491693 2.070056216 -1855.9899
0.89 1245.264423 672.7344289 100.8002003 100.8002003 1871.582865 2155.05489 0.1125014401 283.4715639 564.3034319 2.065558659 -1859.886787
0.895 1256.061613 680.5558717 100.3231407 100.3231407 1879.799259 2163.818419 0.1125219782 284.0186998 565.353846 2.061118285 -1863.765842
0.9 1266.902581 688.4069988 99.85176754 99.85176754 1888.002299 2172.5662 0.1125419397 284.5634421 566.4004454 2.056733829 -1867.627269
0.905 1277.787249 696.2876471 99.38597258 99.38597258 1896.191949 2181.298227 0.1125613416 285.1058205 567.4432634 2.052404065 -1871.471273
0.91 1288.715537 704.1976547 98.92565024 98.92565024 1904.368175 2190.014496 0.1125802006 285.6458642 568.482333 2.048127802 -1875.29805
0.915 1299.687367 712.1368611 98.47069771 98.47069771 1912.530946 2198.715004 0.1125985326 286.1836018 569.5176866 2.043903884 -1879.107798
0.92 1310.702661 720.1051067 98.02101481 98.02101481 1920.680231 2207.399747 0.1126163531 286.7190611 570.5493564 2.039731188 -1882.900708
0.925 1321.761339 728.1022335 97.57650391 97.57650391 1928.816003 2216.068727 0.112633677 287.2522695 571.5773739 2.035608623 -1886.676969
0.93 1332.863322 736.1280844 97.13706983 97.13706983 1936.938235 2224.721942 0.1126505188 287.7832538 572.6017703 2.03153513 -1890.436767
0.935 1344.008532 744.1825037 96.70261981 96.70261981 1945.046903 2233.359396 0.1126668925 288.3120402 573.6225765 2.027509679 -1894.180285
0.94 1355.196889 752.2653365 96.27306338 96.27306338 1953.141985 2241.981092 0.1126828115 288.8386543 574.639823 2.023531271 -1897.907701
0.945 1366.428316 760.3764296 95.84831234 95.84831234 1961.22346 2250.587033 0.112698289 289.3631215 575.6535397 2.019598933 -1901.619192
0.95 1377.702734 768.5156304 95.42828063 95.42828063 1969.291309 2259.177225 0.1127133376 289.8854663 576.6637562 2.01571172 -1905.314933
0.955 1389.020062 776.6827878 95.01288432 95.01288432 1977.345513 2267.751676 0.1127279694 290.4057128 577.6705019 2.011868715 -1908.995092
0.96 1400.380224 784.8777515 94.6020415 94.6020415 1985.386058 2276.310391 0.1127421963 290.9238849 578.6738056 2.008069023 -1912.659839
0.965 1411.78314 793.1003726 94.19567226 94.19567226 1993.412927 2284.853381 0.1127560298 291.4400057 579.6736958 2.004311777 -1916.309337
0.97 1423.228732 801.350503 93.79369859 93.79369859 2001.426109 2293.380654 0.112769481 291.954098 580.6702007 2.000596132 -1919.94375
0.975 1434.71692 809.6279959 93.39604434 93.39604434 2009.425591 2301.892222 0.1127825604 292.4661841 581.6633482 1.996921266 -1923.563237
0.98 1446.247628 817.9327054 93.00263517 93.00263517 2017.411363 2310.388095 0.1127952787 292.9762861 582.6531655 1.99328638 -1927.167955
0.985 1457.820775 826.2644867 92.61339849 92.61339849 2025.383416 2318.868286 0.1128076457 293.4844253 583.6396799 1.989690696 -1930.758058
0.99 1469.436285 834.623196 92.22826342 92.22826342 2033.341742 2327.332809 0.1128196712 293.9906229 584.6229182 1.986133457 -1934.333699
0.995 1481.094077 843.0086907 91.84716069 91.84716069 2041.286333 2335.781676 0.1128313647 294.4948996 585.6029067 1.982613925 -1937.895026
1 1492.794075 851.420829 91.47002267 91.47002267 2049.217186 2344.214904 0.1128427352 294.9972756 586.5796716 1.979131385 -1941.442187
1.005 1504.5362 859.8594701 91.09678326 91.09678326 2057.134295 2352.632508 0.1128537918 295.4977711 587.5532386 1.975685137 -1944.975326
1.01 1516.320374 868.3244744 90.72737788 90.72737788 2065.037657 2361.034504 0.1128645428 295.9964055 588.5236332 1.972274501 -1948.494586
1.015 1528.146519 876.815703 90.36174341 90.36174341 2072.92727 2369.420909 0.1128749966 296.493198 589.4908807 1.968898816 -1952.000107
1.02 1540.014557 885.3330184 89.99981815 89.99981815 2080.803134 2377.791741 0.1128851613 296.9881677 590.4550057 1.965557435 -1955.492027
1.025 1551.924411 893.8762835 89.64154179 89.64154179 2088.665247 2386.147019 0.1128950447 297.4813329 591.416033 1.962249731 -1958.970482
1.03 1563.876002 902.4453627 89.28685535 89.28685535 2096.513611 2394.486762 0.1129046544 297.972712 592.3739866 1.958975091 -1962.435604
1.035 1575.869253 911.0401209 88.93570117 88.93570117 2104.348228 2402.810989 0.1129139976 298.4623229 593.3288906 1.955732919 -1965.887527
1.04 1587.904086 919.6604243 88.58802285 88.58802285 2112.169101 2411.119721 0.1129230816 298.9501832 594.2807687 1.952522633 -1969.326379
1.045 1599.980424 928.3061398 88.24376522 88.24376522 2119.976234 2419.41298 0.1129319132 299.4363101 595.2296442 1.949343665 -1972.752288
1.05 1612.09819 936.9771353 87.90287434 87.90287434 2127.76963 2427.690786 0.1129404991 299.9207206 596.1755402 1.946195465 -1976.165379
1.055 1624.257306 945.6732797 87.56529738 87.56529738 2135.549296 2435.953162 0.1129488458 300.4034315 597.1184796 1.943077492 -1979.565776
1.06 1636.457696 954.3944427 87.23098271 87.23098271 2143.315237 2444.200131 0.1129569597 300.8844592 598.058485 1.939989221 -1982.9536
1.065 1648.699282 963.1404948 86.89987974 86.89987974 2151.067462 2452.431715 0.1129648468 301.3638199 598.9955785 1.93693014 -1986.328973
1.07 1660.981987 971.9113077 86.57193901 86.57193901 2158.805977 2460.647939 0.112972513 301.8415294 599.9297823 1.933899748 -1989.692011
1.075 1673.305736 980.7067536 86.24711207 86.24711207 2166.530792 2468.848827 0.1129799643 302.3176034 600.8611181 1.930897559 -1993.042831
1.08 1685.67045 989.526706 85.9253515 85.9253515 2174.241915 2477.034404 0.112987206 302.7920572 601.7896075 1.927923097 -1996.381547
1.085 1698.076054 998.3710389 85.60661088 85.60661088 2181.939358 2485.204694 0.1129942437 303.2649059 602.7152716 1.924975897 -1999.708273
1.09 1710.522472 1007.239627 85.29084472 85.29084472 2189.623129 2493.359724 0.1130010827 303.7361645 603.6381316 1.922055506 -2003.023119
1.095 1723.009626 1016.132347 84.97800851 84.97800851 2197.293242 2501.499519 0.1130077281 304.2058476 604.5582082 1.919161482 -2006.326196
1.1 1735.537441 1025.049075 84.66805863 84.66805863 2204.949708 2509.624106 0.1130141848 304.6739695 605.4755219 1.916293393 -2009.61761
1.105 1748.105842 1033.989689 84.36095236 84.36095236 2212.59254 2517.733512 0.1130204576 305.1405445 606.3900931 1.913450818 -2012.89747
1.11 1760.714751 1042.954067 84.05664784 84.05664784 2220.221751 2525.827764 0.1130265514 305.6055864 607.3019418 1.910633344 -2016.165878
1.115 1773.364094 1051.942089 83.75510406 83.75510406 2227.837355 2533.90689 0.1130324705 306.0691091 608.2110878 1.907840571 -2019.422939
1.12 1786.053795 1060.953633 83.45628084 83.45628084 2235.439366 2541.970918 0.1130382196 306.5311261 609.1175509 1.905072105 -2022.668754
1.125 1798.783778 1069.988583 83.1601388 83.1601388 2243.0278 2550.019876 0.1130438028 306.9916507 610.0213503 1.902327562 -2025.903425
1.13 1811.553969 1079.046818 82.86663933 82.86663933 2250.602673 2558.053793 0.1130492244 307.450696 610.9225053 1.899606569 -2029.127049
1.135 1824.364291 1088.128221 82.57574459 82.57574459 2258.164 2566.072698 0.1130544884 307.9082749 611.8210348 1.896908758 -2032.339724
1.14 1837.214671 1097.232677 82.28741749 82.28741749 2265.711797 2574.076621 0.1130595988 308.3644001 612.7169576 1.894233773 -2035.541546
1.145 1850.105032 1106.360068 82.00162167 82.00162167 2273.246083 2582.06559 0.1130645594 308.8190842 613.6102922 1.891581262 -2038.732611
1.15 1863.035302 1115.510281 81.71832145 81.71832145 2280.766875 2590.039637 0.113069374 309.2723395 614.501057 1.888950885 -2041.913012
1.155 1876.005404 1124.6832 81.43748187 81.43748187 2288.274191 2597.998791 0.1130740462 309.7241783 615.3892701 1.886342308 -2045.08284
1.16 1889.015265 1133.878711 81.15906863 81.15906863 2295.76805 2605.943083 0.1130785795 310.1746123 616.2749494 1.883755203 -2048.242188
1.165 1902.06481 1143.096703 80.88304809 80.88304809 2303.24847 2613.872544 0.1130829774 310.6236536 617.1581126 1.881189251 -2051.391143
1.17 1915.153966 1152.337063 80.60938724 80.60938724 2310.715471 2621.787204 0.1130872432 311.0713137 618.0387774 1.878644139 -2054.529796
1.175 1928.282658 1161.59968 80.33805371 80.33805371 2318.169073 2629.687096 0.1130913802 311.5176041 618.916961 1.876119562 -2057.658232
1.18 1941.450812 1170.884443 80.06901573 80.06901573 2325.609296 2637.57225 0.1130953916 311.9625361 619.7926807 1.873615221 -2060.776539
1.185 1954.658356 1180.191243 79.80224213 79.80224213 2333.036161 2645.442699 0.1130992804 312.4061209 620.6659534 1.871130823 -2063.884801
1.19 1967.905215 1189.519971 79.53770232 79.53770232 2340.449688 2653.298475 0.1131030496 312.8483694 621.5367959 1.868666083 -2066.983101
1.195 1981.191316 1198.870518 79.27536628 79.27536628 2347.8499 2661.13961 0.1131067021 313.2892925 622.4052249 1.866220719 -2070.071523
1.2 1994.516586 1208.242776 79.01520454 79.01520454 2355.236819 2668.966136 0.1131102408 313.7289009 623.2712567 1.863794458 -2073.150147
