# nB[fm-3], eps[MeVfm-3], p[MeVfm-3], M*_p[MeV], M*_n[MeV], chempo_p[MeV], chempo_n[MeV], xp[], kF_p[MeV], kF_n[MeV], gamma_fixYp[], dchempo_delta_dYp[MeV]
1.65035284e-09 1.535938515e-06 5.655061901e-11 0 0 0 0 0 0 0 0 0
2.092764602e-09 1.947698941e-06 8.128450835e-11 0 0 0 0 0 0 0 0 0
2.653760008e-09 2.469835145e-06 1.164451275e-10 0 0 0 0 0 0 0 0 0
3.365118743e-09 3.131930472e-06 1.662597403e-10 0 0 0 0 0 0 0 0 0
4.26713527e-09 3.971495884e-06 2.366066183e-10 0 0 0 0 0 0 0 0 0
5.410899483e-09 5.036093931e-06 3.356405724e-10 0 0 0 0 0 0 0 0 0
6.861187963e-09 6.386031416e-06 4.746509643e-10 0 0 0 0 0 0 0 0 0
8.7001292e-09 8.097773288e-06 6.692378042e-10 0 0 0 0 0 0 0 0 0
1.103184985e-08 1.02682706e-05 9.409228636e-10 0 0 0 0 0 0 0 0 0
1.398836442e-08 1.302044716e-05 1.319355431e-09 0 0 0 0 0 0 0 0 0
1.773704082e-08 1.651015503e-05 1.845330491e-09 0 0 0 0 0 0 0 0 0
2.249006318e-08 2.093499167e-05 2.57491624e-09 0 0 0 0 0 0 0 0 0
2.851642568e-08 2.654547673e-05 3.58509552e-09 0 0 0 0 0 0 0 0 0
3.615713371e-08 3.365921944e-05 4.981472013e-09 0 0 0 0 0 0 0 0 0
4.584446896e-08 4.267887601e-05 6.908790748e-09 0 0 0 0 0 0 0 0 0
5.812640383e-08 5.411491003e-05 9.565291996e-09 0 0 0 0 0 0 0 0 0
7.369753947e-08 6.861443911e-05 1.322228306e-08 0 0 0 0 0 0 0 0 0
9.343830805e-08 8.69977931e-05 1.825080732e-08 0 0 0 0 0 0 0 0 0
1.184646433e-07 0.000110304843 2.515795921e-08 0 0 0 0 0 0 0 0 0
1.501909098e-07 0.0001398537079 3.463629862e-08 0 0 0 0 0 0 0 0 0
1.904096232e-07 0.0001773151414 4.763103852e-08 0 0 0 0 0 0 0 0 0
2.413924321e-07 0.0002248067789 6.543132552e-08 0 0 0 0 0 0 0 0 0
3.060180185e-07 0.0002850125355 8.979414717e-08 0 0 0 0 0 0 0 0 0
3.879340736e-07 0.0003613338537 1.231123762e-07 0 0 0 0 0 0 0 0 0
4.917624015e-07 0.000458081274 1.686424554e-07 0 0 0 0 0 0 0 0 0
6.233585958e-07 0.0005807170498 2.308125749e-07 0 0 0 0 0 0 0 0 0
7.901407581e-07 0.000736162362 3.156393457e-07 0 0 0 0 0 0 0 0 0
1.001505542e-06 0.0009331862774 4.312905157e-07 0 0 0 0 0 0 0 0 0
1.269354612e-06 0.00118289811 5.888439788e-07 0 0 0 0 0 0 0 0 0
1.608760683e-06 0.001499370554 8.033102096e-07 0 0 0 0 0 0 0 0 0
2.038809922e-06 0.001900428141 1.095007626e-06 0 0 0 0 0 0 0 0 0
2.583667132e-06 0.002408644638 1.491409956e-06 0 0 0 0 0 0 0 0 0
3.273922183e-06 0.003052604367 2.02962365e-06 0 0 0 0 0 0 0 0 0
4.148291377e-06 0.003868496793 2.759704635e-06 0 0 0 0 0 0 0 0 0
5.255766406e-06 0.004902131645 3.749090738e-06 0 0 0 0 0 0 0 0 0
6.658327423e-06 0.00621148439 5.088513732e-06 0 0 0 0 0 0 0 0 0
8.434366528e-06 0.007869910069 6.899868693e-06 0 0 0 0 0 0 0 0 0
1.068300509e-05 0.00997019868 9.346665696e-06 0 0 0 0 0 0 0 0 0
1.352953458e-05 0.01262968915 1.26478785e-05 0 0 0 0 0 0 0 0 0
1.713226796e-05 0.01599671339 1.709624774e-05 0 0 0 0 0 0 0 0 0
2.169115949e-05 0.02025870938 2.308240511e-05 0 0 0 0 0 0 0 0 0
2.745863834e-05 0.02565242534 3.112657492e-05 0 0 0 0 0 0 0 0 0
3.475320821e-05 0.03247673912 4.192009753e-05 0 0 0 0 0 0 0 0 0
4.397649546e-05 0.04110874115 5.63796219e-05 0 0 0 0 0 0 0 0 0
5.563458572e-05 0.05202388002 7.571755021e-05 0 0 0 0 0 0 0 0 0
7.036467696e-05 0.06582114983 0.0001015331962 0 0 0 0 0 0 0 0 0
8.896829864e-05 0.08325451116 0.0001359301428 0 0 0 0 0 0 0 0 0
0.0001124526033 0.1052719847 0.0001816664307 0 0 0 0 0 0 0 0 0
0.0001420815252 0.1330641346 0.0002423454194 0 0 0 0 0 0 0 0 0
0.0001794389103 0.1681239586 0.0003226562936 0 0 0 0 0 0 0 0 0
0.0002232881537 0.2092967876 0.0003930884824 0 0 0 0 0 0 0 0 0
0.000273869077 0.2568010855 0.0004275682153 0 0 0 0 0 0 0 0 0
0.0003359079741 0.3150745722 0.0004662701439 0 0 0 0 0 0 0 0 0
0.0004120003919 0.3865582769 0.0005138790777 0 0 0 0 0 0 0 0 0
0.0005053298403 0.4742471405 0.0005745355131 0 0 0 0 0 0 0 0 0
0.0006198009822 0.5818155556 0.0006532054365 0 0 0 0 0 0 0 0 0
0.0007602029939 0.7137715354 0.0007562641881 0 0 0 0 0 0 0 0 0
0.0009324099324 0.8756459299 0.0008920490971 0 0 0 0 0 0 0 0 0
0.001143626491 1.074224641 0.001071518427 0 0 0 0 0 0 0 0 0
0.001402689423 1.317833606 0.001309092393 0 0 0 0 0 0 0 0 0
0.001720437252 1.616688563 0.001623762237 0 0 0 0 0 0 0 0 0
0.002110163726 1.983324325 0.002040599042 0 0 0 0 0 0 0 0 0
0.002588173991 2.433121721 0.002592887707 0 0 0 0 0 0 0 0 0
0.003174466762 2.98495447 0.003325289896 0 0 0 0 0 0 0 0 0
0.00389357101 3.661983495 0.004298770589 0 0 0 0 0 0 0 0 0
0.004775572198 4.492632586 0.005598618227 0 0 0 0 0 0 0 0 0
0.005857370973 5.511787435 0.007347920785 0 0 0 0 0 0 0 0 0
0.007184226998 6.762270286 0.009730558802 0 0 0 0 0 0 0 0 0
0.008811652498 8.296655443 0.01303037554 0 0 0 0 0 0 0 0 0
0.01080773474 10.17950759 0.01769669845 0 0 0 0 0 0 0 0 0
0.01325598466 12.49014609 0.02445012995 0 0 0 0 0 0 0 0 0
0.01625883068 15.32606527 0.03444404318 0 0 0 0 0 0 0 0 0
0.01994190411 18.80717312 0.04949088593 0 0 0 0 0 0 0 0 0
0.02445929524 23.08104767 0.07233909423 0 0 0 0 0 0 0 0 0
0.03 28.32944726 0.1069399522 0 0 0 0 0 0 0 0 0
0.03559614044 33.63749311 0.1487887669 0 0 0 0 0 0 0 0 0
0.04106010028 38.82699523 0.195622922 0 0 0 0 0 0 0 0 0
0.04653025058 44.02897389 0.2476404191 0 0 0 0 0 0 0 0 0
0.05209976498 49.3320044 0.3051268843 0 0 0 0 0 0 0 0 0
0.0578333494 54.79790093 0.3684019088 0 0 0 0 0 0 0 0 0
0.06377407895 60.46808338 0.4377805258 0 0 0 0 0 0 0 0 0
0.0699447902 66.36479223 0.5135315884 0 0 0 0 0 0 0 0 0
0.07634598808 72.48898094 0.5958197367 0 0 0 0 0 0 0 0 0
0.08295137357 78.81591794 0.6846164668 0 0 0 0 0 0 0 0 0
0.08970175975 85.28921579 0.7795564107 0 0 0 0 0 0 0 0 0
0.09645326265 91.77088069 0.8772677391 0 0 0 0 0 0 0 0 0
0.1030259148 98.08732208 0.9696901228 0 0 0 0 0 0 0 0 0
0.109319241 104.1408535 1.057903618 0 0 0 0 0 0 0 0 0
0.12 114.4306656 1.271826774 852.6267743 562.5697446 842.3320211 964.1874366 0.06627677876 121.8543441 294.3020398 2.449480272 -999.454413
0.125 119.2540627 1.39378141 849.5319396 550.5581389 840.2925197 965.1827531 0.06849897956 124.889188 298.0972157 2.587080353 -1014.185023
0.13 124.0826138 1.529939793 846.4312685 538.8269182 838.3753905 966.250412 0.07070058258 127.8740004 301.7818682 2.729265235 -1030.080571
0.135 128.9167009 1.682094347 843.3195472 527.3792291 836.5822753 967.3984834 0.07288875782 130.81521 305.3622467 2.872279587 -1047.087124
0.14 133.7567448 1.852051461 840.1919121 516.2177707 834.9151288 968.6342591 0.07506935251 133.7181539 308.8440263 3.012590153 -1065.156346
0.145 138.6032005 2.041608548 837.0439405 505.3446362 833.3761161 969.9642003 0.07724687329 136.5871283 312.2324088 3.14707939 -1084.243029
0.15 143.4565531 2.252532913 833.8717255 494.7611871 831.967515 971.393907 0.07942451055 139.4254556 315.5322051 3.273175749 -1104.303084
0.155 148.3173138 2.486543001 830.6719329 484.4679614 830.6916246 972.9281082 0.08160419864 142.2355657 318.7479005 3.388917016 -1125.291938
0.16 153.1860149 2.745292416 827.4418406 474.4646154 829.5506824 974.5706706 0.08378670553 145.0190879 321.883707 3.492953711 -1147.163297
0.165 158.0632062 3.030356963 824.1793594 464.7498977 828.5467914 976.3246251 0.08597174524 147.7769502 324.9436033 3.584506122 -1169.868223
0.17 162.9494505 3.343224774 820.8830359 455.3216533 827.681858 978.1922078 0.08815810653 150.5094823 327.9313659 3.66329097 -1193.354506
0.175 167.8453202 3.685289445 817.5520394 446.1768531 826.957541 980.174912 0.09034379153 153.2165189 330.8505918 3.729432767 -1217.566281
0.18 172.7513929 4.057845987 814.1861354 437.3116457 826.3752127 982.2735495 0.09252615841 155.8974994 333.7047156 3.783372038 -1242.443872
0.185 177.6682492 4.462089266 810.7856467 428.7214254 825.9359303 984.4883162 0.09470206294 158.5515625 336.4970207 3.825778926 -1267.923814
0.19 182.5964691 4.899114568 807.3514054 420.4009131 825.6404183 986.8188613 0.09686799447 161.1776329 339.2306478 3.857477235 -1293.939018
0.195 187.5366295 5.3699199 803.8846987 412.3442445 825.48906 989.2643557 0.09902020298 163.7744985 341.9086002 3.879381197 -1320.419057
0.2 192.4893022 5.875409591 800.3872107 404.5450621 825.4818965 991.8235588 0.1011548144 166.3408774 344.5337473 3.89244522 -1347.290519
0.205 197.4550519 6.416398854 796.8609618 396.9966072 825.6186332 994.4948818 0.1032679326 168.8754755 347.1088266 3.897625686 -1374.477421
0.21 202.4344347 6.993618922 793.308249 389.6918092 825.8986516 997.276446 0.1053557274 171.3770325 349.6364461 3.895853187 -1401.901651
0.215 207.4279966 7.607722506 789.731587 382.6233702 826.3210247 1000.166135 0.1074145079 173.8443597 352.1190851 3.888013401 -1429.483417
0.22 212.4362725 8.259289307 786.1336531 375.7838427 826.8845359 1003.161644 0.1094407822 176.2763679 354.5590962 3.874934835 -1457.141697
0.225 217.4597853 8.948831409 782.5172354 369.1656997 827.5876999 1006.260519 0.1114313033 178.6720882 356.9587067 3.857381833 -1484.794673
0.23 222.4990457 9.676798424 778.885186 362.761397 828.4287848 1009.460192 0.1133831039 181.0306856 359.3200213 3.836051516 -1512.360147
0.235 227.5545508 10.44358229 775.2403782 356.5634273 829.405834 1012.758013 0.1152935192 183.3514672 361.6450241 3.811573555 -1539.755945
0.24 232.6267849 11.24952167 771.5856699 350.5643658 830.5166885 1016.151277 0.1171602018 185.6338853 363.9355818 3.784511904 -1566.900291
0.245 237.7162181 12.09490593 767.9238706 344.7569088 831.7590091 1019.637241 0.1189811271 187.8775369 366.1934476 3.755367848 -1593.712166
0.25 242.8233072 12.97997871 764.2577139 339.1339047 833.1302963 1023.213144 0.120754593 190.0821604 368.4202639 3.72458385 -1620.11165
0.255 247.9484948 13.90494108 760.5898347 333.6883789 834.6279103 1026.876219 0.122479214 192.2476298 370.6175675 3.692547851 -1646.020248
0.26 253.09221 14.8699543 756.9227494 328.4135529 836.2490898 1030.623709 0.1241539113 194.3739476 372.786793 3.659597755 -1671.361209
0.265 258.254868 15.8751423 753.2588413 323.3028582 837.9909682 1034.452869 0.1257778985 196.4612365 374.929278 3.626025912 -1696.059827
0.27 263.4368703 16.92059382 749.6003481 318.3499461 839.8505903 1038.360978 0.1273506667 198.5097303 377.0462671 3.592083484 -1720.043739
0.275 268.6386049 18.00636424 745.9493534 313.5486939 841.8249262 1042.345342 0.1288719668 200.5197651 379.1389167 3.557984614 -1743.243214
0.28 273.8604464 19.1324773 742.3077798 308.8932076 843.9108848 1046.403299 0.1303417907 202.4917693 381.2082998 3.523910349 -1765.591435
0.285 279.1027562 20.29892655 738.6773856 304.3778221 846.105326 1050.53222 0.1317603529 204.4262554 383.2554107 3.490012283 -1787.024772
0.29 284.3658825 21.50567662 735.0597619 299.9970998 848.4050712 1054.729514 0.1331280714 206.3238104 385.2811689 3.456415929 -1807.48304
0.295 289.650161 22.75266448 731.456333 295.7458272 850.8069136 1058.992629 0.1344455489 208.185088 387.2864242 3.4232238 -1826.909759
0.3 294.9559143 24.03980048 727.8683564 291.6190098 853.3076272 1063.319049 0.1357135546 210.0108005 389.2719607 3.390518225 -1845.252386
0.305 300.2834529 25.36696936 724.2969257 287.6118665 855.9039746 1067.706302 0.1369330069 211.8017114 391.2385008 3.3583639 -1862.462538
0.31 305.6330747 26.73403121 720.7429732 283.7198233 858.5927146 1072.151955 0.1381049564 213.5586286 393.1867095 3.326810199 -1878.496196
0.315 311.0050658 28.14082237 717.207274 279.9385059 861.3706085 1076.653613 0.1392305708 215.2823982 395.1171977 3.295893247 -1893.313887
0.32 316.3997003 29.58715628 713.6904501 276.2637327 864.2344262 1081.208927 0.1403111192 216.9738987 397.0305265 3.265637794 -1906.880834
0.325 321.8172406 31.07282435 710.1929757 272.691507 867.1809515 1085.815584 0.1413479593 218.6340358 398.9272098 3.236058884 -1919.167096
0.33 327.2579379 32.59759673 706.7151819 269.2180094 870.2069866 1090.471317 0.142342524 220.2637376 400.8077183 3.207163348 -1930.147659
0.335 332.7220319 34.1612232 703.2572627 265.8395898 873.3093568 1095.173896 0.14329631 221.8639505 402.6724822 3.178951138 -1939.80251
0.34 338.2097513 35.76343387 699.8192803 262.5527606 876.4849135 1099.921133 0.1442108667 223.4356349 404.5218939 3.151416498 -1948.116673
0.345 343.721314 37.40394008 696.4011709 259.3541884 879.7305386 1104.710881 0.1450877869 224.9797625 406.3563111 3.124549018 -1955.080213
0.35 349.2569274 39.08243509 693.0027507 256.2406874 883.0431466 1109.541036 0.1459286973 226.4973127 408.1760591 3.098334544 -1960.688203
0.355 354.8167883 40.7985949 689.6237211 253.2092122 886.4196878 1114.40953 0.1467352507 227.9892697 409.9814333 3.072755988 -1964.940666
0.36 360.4010832 42.55207905 686.2636751 250.2568509 889.85715 1119.31434 0.1475091187 229.4566207 411.7727012 3.047794032 -1967.842471
0.365 366.0099889 44.34253132 682.922102 247.3808188 893.3525613 1124.25348 0.1482519851 230.9003534 413.5501047 3.023427739 -1969.403211
0.37 371.643672 46.16958053 679.5983939 244.5784522 896.9029911 1129.225007 0.1489655399 232.3214538 415.3138621 2.999635076 -1969.637039
0.375 377.3022898 48.03284128 676.29185 241.8472022 900.5055523 1134.227016 0.1496514746 233.7209052 417.0641694 2.976393371 -1968.562488
0.38 382.9859899 49.93191467 673.0016826 239.1846294 904.1574019 1139.257644 0.1503114768 235.0996863 418.8012024 2.95367969 -1966.202253
0.385 388.6949109 51.86638899 669.7270214 236.5883982 907.8557423 1144.315065 0.1509472268 236.4587701 420.5251184 2.931471159 -1962.582962
0.39 394.4291822 53.83584048 666.466919 234.0562716 911.5978225 1149.397494 0.1515603939 237.7991226 422.2360569 2.909745236 -1957.734922
0.395 400.1889246 55.83983398 663.2203552 231.5861069 915.3809383 1154.503186 0.1521526331 239.1217019 423.9341417 2.888479918 -1951.691848
0.4 405.97425 57.87792356 659.9862415 229.1758503 919.2024331 1159.630434 0.1527255826 240.4274577 425.6194818 2.867653926 -1944.490585
0.405 411.7852621 59.94965323 656.7634258 226.8235332 923.0596984 1164.777569 0.1532808611 241.7173301 427.2921723 2.84724683 -1936.170818
0.41 417.6220561 62.05455752 653.5506961 224.5272674 926.9501736 1169.94296 0.1538200666 242.9922491 428.9522958 2.827239161 -1926.774777
0.415 423.4847194 64.19216209 650.3467849 222.2852418 930.8713468 1175.125016 0.1543447739 244.2531344 430.5999234 2.807612474 -1916.346943
0.42 429.3733314 66.36198431 647.1503733 220.0957182 934.8207544 1180.32218 0.1548565335 245.5008941 432.2351153 2.788349401 -1904.933751
0.425 435.2879639 68.5635338 643.9600943 217.957028 938.7959812 1185.532936 0.1553568707 246.7364254 433.8579217 2.769433676 -1892.583302
0.43 441.228681 70.79631301 640.774537 215.8675687 942.7946603 1190.7558 0.1558472841 247.9606131 435.4683838 2.75085014 -1879.345085
0.435 447.1955396 73.05981768 637.59225 213.8258008 946.8144731 1195.989327 0.1563292449 249.1743301 437.0665343 2.732584734 -1865.269703
0.44 453.1885897 75.35353736 634.4117452 211.8302449 950.8531489 1201.232107 0.1568041967 250.3784365 438.652398 2.714624478 -1850.408618
0.445 459.2078738 77.67695589 631.2315012 209.8794786 954.9084649 1206.482763 0.1572735542 251.5737795 440.2259928 2.696957439 -1834.813906
0.45 465.2534282 80.02955182 628.049967 207.972134 958.9782458 1211.739956 0.1577387033 252.7611933 441.7873298 2.679572694 -1818.538033
0.455 471.3252821 82.4107989 624.8655655 206.1068951 963.0603636 1217.002376 0.1582010001 253.9414981 443.3364142 2.662460283 -1801.633647
0.46 477.4234585 84.82016646 621.676697 204.2824952 967.1527375 1222.26875 0.1586617713 255.1155007 444.8732457 2.645611159 -1784.153386
0.465 483.5479741 87.25711984 618.4817435 202.4977146 971.2533338 1227.537836 0.1591223129 256.2839932 446.397819 2.629017138 -1766.149711
0.47 489.6988394 89.72112082 615.2790719 200.7513787 975.3601657 1232.808426 0.1595838907 257.4477532 447.9101243 2.612670841 -1747.674753
0.475 495.8760589 92.21162799 612.0670384 199.0423555 979.4712931 1238.079341 0.1600477391 258.6075429 449.4101478 2.596565644 -1728.780182
0.48 502.0796314 94.72809717 608.8439927 197.3695536 983.584823 1243.349435 0.160515061 259.764109 450.8978721 2.58069562 -1709.517097
0.485 508.30955 97.26998182 605.6082821 195.7319208 987.6989093 1248.617591 0.1609870273 260.9181818 452.3732768 2.565055484 -1689.935931
0.49 514.5658023 99.83673347 602.3582568 194.1284414 991.8117534 1253.882726 0.1614647759 262.0704745 453.836339 2.549640548 -1670.086376
0.495 520.8483705 102.4278021 599.0922747 192.5581353 995.9216044 1259.143783 0.1619494111 263.2216826 455.2870335 2.534446665 -1650.017325
0.5 527.1572316 105.0426367 595.8087066 191.0200557 1000.02676 1264.399737 0.1624420025 264.372483 456.7253336 2.519470182 -1629.776827
0.505 533.4923577 107.6806857 592.5059424 189.5132878 1004.125567 1269.649591 0.1629435837 265.5235327 458.1512118 2.504707901 -1609.412061
0.51 539.8537158 110.3413974 589.1823975 188.0369472 1008.216421 1274.892379 0.1634551513 266.6754682 459.5646398 2.490157031 -1588.969318
0.515 546.2412682 113.0242207 585.8365192 186.5901783 1012.297771 1280.127163 0.1639776631 267.8289041 460.9655895 2.475815154 -1568.494
0.52 552.6549725 115.7286056 582.4667945 185.1721529 1016.368118 1285.353035 0.1645120361 268.9844313 462.3540336 2.461680187 -1548.030616
0.525 559.0947822 118.4540039 579.0717581 183.7820688 1020.426017 1290.569116 0.1650591446 270.1426162 463.7299463 2.44775035 -1527.622806
0.53 565.560646 121.1998701 575.6500008 182.4191488 1024.470079 1295.774559 0.1656198177 271.3039984 465.093304 2.434024134 -1507.313349
0.535 572.0525087 123.9656618 572.200179 181.0826388 1028.498975 1300.968543 0.1661948368 272.4690892 466.4440859 2.42050028 -1487.144191
0.54 578.570311 126.7508412 568.7210245 179.771807 1032.511435 1306.150282 0.1667849322 273.6383698 467.7822753 2.407177745 -1467.156465
0.545 585.1139898 129.5548756 565.2113556 178.4859427 1036.506255 1311.319019 0.1673907802 274.8122886 469.1078599 2.394055688 -1447.390519
0.55 591.6834783 132.3772387 561.6700879 177.2243548 1040.482298 1316.474031 0.1680129994 275.9912595 470.4208335 2.381133443 -1427.885933
0.555 598.2787061 135.217412 558.096247 175.9863713 1044.438497 1321.614627 0.1686521465 277.1756592 471.7211963 2.368410505 -1408.681537
0.56 604.8995995 138.0748855 554.4889807 174.7713376 1048.373858 1326.740152 0.1693087126 278.3658245 473.0089567 2.355886509 -1389.815423
0.565 611.5460815 140.9491601 550.8475724 173.5786159 1052.287468 1331.849985 0.1699831181 279.5620502 474.284132 2.343561218 -1371.324947
0.57 618.2180722 143.8397482 547.1714546 172.4075841 1056.178494 1336.943545 0.1706757088 280.7645858 475.5467496 2.331434501 -1353.246717
0.575 624.9154889 146.746176 543.4602231 171.2576349 1060.046191 1342.020287 0.1713867503 281.973633 476.7968487 2.319506324 -1335.616575
0.58 631.6382462 149.6679849 539.7136513 170.1281753 1063.889905 1347.079709 0.1721164238 283.1893431 478.0344811 2.307776734 -1318.469563
0.585 638.3862563 152.6047338 535.9317035 169.0186251 1067.709078 1352.121351 0.1728648207 284.411814 479.2597128 2.29624584 -1301.839869
0.59 645.1594294 155.5560005 532.1145494 167.9284169 1071.503252 1357.144796 0.1736319379 285.6410878 480.4726252 2.284913803 -1285.76076
0.595 651.9576734 158.5213842 528.262577 166.856995 1075.272073 1362.149676 0.1744176733 286.8771483 481.6733163 2.273780815 -1270.264496
0.6 658.7808946 161.5005071 524.3764046 165.8038154 1079.015297 1367.13567 0.1752218217 288.1199191 482.8619024 2.262847085 -1255.38223
0.605 665.6289981 164.4930171 520.4568915 164.7683446 1082.732792 1372.102505 0.1760440708 289.3692616 484.0385184 2.252112818 -1241.143876
0.61 672.5018874 167.4985891 516.505148 163.75006 1086.424539 1377.049961 0.1768839981 290.6249735 485.2033197 2.241578198 -1227.577981
0.615 679.3994652 170.5169272 512.5225414 162.748449 1090.090638 1381.977874 0.1777410689 291.8867884 486.3564823 2.231243364 -1214.711557
0.62 686.3216334 173.5477666 508.5107012 161.7630094 1093.731308 1386.886129 0.1786146352 293.1543754 487.4982043 2.221108389 -1202.569918
0.625 693.2682936 176.5908751 504.4715206 160.7932489 1097.346887 1391.77467 0.1795039351 294.4273391 488.6287055 2.211173255 -1191.176492
0.63 700.2393472 179.6460546 500.4071547 159.8386854 1100.937832 1396.643495 0.1804080947 295.7052216 489.7482283 2.201437829 -1180.552637
0.635 707.2346958 182.7131419 496.3200155 158.8988472 1104.504714 1401.492658 0.1813261302 296.987504 490.8570373 2.191901836 -1170.717441
0.64 714.2542412 185.7920096 492.2127625 157.9732729 1108.04822 1406.322267 0.1822569526 298.2736095 491.9554186 2.182564836 -1161.687535
0.645 721.2978861 188.8825663 488.08829 157.0615125 1111.569142 1411.132484 0.1831993734 299.562907 493.0436797 2.173426191 -1153.476903
0.65 728.3655341 191.9847569 483.9497093 156.1631267 1115.068374 1415.923525 0.184152112 300.8547162 494.1221477 2.164485051 -1146.096717
0.655 735.4570898 195.0985612 479.8003287 155.2776885 1118.546906 1420.69565 0.185113805 302.1483124 495.1911683 2.155740317 -1139.555178
0.66 742.5724596 198.2239938 475.6436278 154.4047831 1122.005808 1425.449172 0.1860830165 303.4429334 496.2511038 2.147190631 -1133.857391
0.665 749.7115511 201.3611018 471.4832299 153.5440085 1125.446226 1430.18444 0.1870582502 304.7377859 497.3023308 2.138834349 -1129.00527
0.67 756.8742742 204.5099631 467.322871 152.6949762 1128.869367 1434.901847 0.1880379622 306.0320536 498.3452382 2.13066953 -1124.997473
0.675 764.0605405 207.6706841 463.1663668 151.8573118 1132.276485 1439.601814 0.1890205753 307.3249041 499.3802241 2.122693922 -1121.829379
0.68 771.270264 210.8433964 459.0175775 151.0306551 1135.668874 1444.284795 0.1900044931 308.615498 500.4076931 2.114904958 -1119.493112
0.685 778.5033609 214.0282542 454.8803732 150.214661 1139.047845 1448.951263 0.1909881153 309.9029962 501.4280537 2.107299751 -1117.977597
0.69 785.7597499 217.2254301 450.7585976 149.4089996 1142.414722 1453.60171 0.191969852 311.1865687 502.4417144 2.099875099 -1117.26867
0.695 793.0393522 220.4351121 446.6560342 148.6133565 1145.77082 1458.236639 0.1929481381 312.4654014 503.4490818 2.092627493 -1117.34922
0.7 800.3420913 223.6574999 442.5763733 147.8274327 1149.117439 1462.856559 0.1939214475 313.7387041 504.4505567 2.085553134 -1118.199378
0.705 807.6678936 226.8928004 438.5231811 147.0509453 1152.455846 1467.461977 0.194888305 315.0057167 505.446532 2.078647943 -1119.796729
0.71 815.0166878 230.141225 434.4998723 146.2836264 1155.78727 1472.053398 0.1958472983 316.2657152 506.4373897 2.071907595 -1122.116562
0.715 822.3884051 233.4029853 430.5096859 145.5252238 1159.112887 1476.631315 0.1967970878 317.5180168 507.423499 2.065327534 -1125.132141
0.72 829.7829792 236.6782904 426.5556644 144.7755001 1162.433814 1481.196208 0.1977364153 318.7619841 508.4052138 2.058903014 -1128.814986
0.725 837.2003462 239.9673432 422.6406377 144.0342325 1165.751101 1485.748537 0.1986641104 319.997028 509.3828713 2.052629121 -1133.135167
0.73 844.6404444 243.2703384 418.7672098 143.3012122 1169.065726 1490.288744 0.1995790962 321.2226107 510.3567906 2.046500812 -1138.061607
0.735 852.1032141 246.5874597 414.9377508 142.5762436 1172.378592 1494.817243 0.2004803922 322.4382468 511.3272715 2.040512948 -1143.562368
0.74 859.588598 249.9188778 411.1543917 141.8591441 1175.69052 1499.334427 0.2013671167 323.6435037 512.2945939 2.034660329 -1149.604944
0.745 867.0965402 253.264749 407.4190231 141.1497427 1179.002253 1503.840657 0.2022384872 324.8380019 513.2590172 2.028937725 -1156.156527
0.75 874.6269868 256.6252136 403.7332973 140.4478799 1182.314453 1508.336267 0.2030938192 326.0214142 514.2207804 2.023339909 -1163.184263
0.755 882.1798856 260.0003954 400.0986326 139.7534064 1185.627701 1512.821564 0.2039325248 327.1934639 515.1801023 2.01786169 -1170.655489
0.76 889.7551857 263.3904009 396.5162208 139.0661826 1188.942504 1517.296825 0.204754109 328.3539232 516.1371812 2.012497936 -1178.537939
0.765 897.3528376 266.7953188 392.987036 138.3860775 1192.259289 1521.762296 0.205558166 329.5026109 517.0921964 2.007243603 -1186.799938
0.77 904.9727928 270.2152203 389.5118457 137.7129683 1195.578414 1526.218199 0.2063443753 330.6393895 518.0453083 2.002093757 -1195.410558
0.775 912.6150039 273.6501593 386.0912225 137.0467396 1198.90017 1530.664727 0.2071124956 331.7641628 518.9966592 1.997043591 -1204.339763
0.78 920.2794247 277.1001727 382.7255567 136.3872823 1202.224783 1535.102048 0.2078623606 332.8768728 519.9463747 1.992088448 -1213.558522
0.785 927.9660093 280.5652807 379.4150703 135.7344934 1205.552419 1539.530306 0.2085938723 333.9774963 520.8945643 1.987223824 -1223.038898
0.79 935.6747128 284.0454882 376.1598298 135.0882751 1208.88319 1543.949622 0.2093069962 335.0660422 521.8413224 1.982445392 -1232.754127
0.795 943.4054908 287.5407849 372.9597604 134.4485344 1212.217159 1548.360095 0.2100017554 336.1425483 522.78673 1.977748999 -1242.678662
0.8 951.1582992 291.0511467 369.8146588 133.8151823 1215.554342 1552.761807 0.2106782246 337.2070785 523.7308551 1.973130679 -1252.788215
0.805 958.9330944 294.5765362 366.7242069 133.1881337 1218.894715 1557.154821 0.2113365254 338.2597198 524.6737538 1.968586652 -1263.059769
0.81 966.729833 298.116904 363.6879833 132.5673066 1222.238217 1561.539181 0.2119768207 339.3005794 525.6154721 1.96411333 -1273.471587
0.815 974.5484718 301.6721896 360.7054763 131.9526219 1225.584755 1565.914922 0.2125993097 340.3297828 526.5560458 1.959707313 -1284.003206
0.82 982.3889679 305.242322 357.7760942 131.3440029 1228.934208 1570.282061 0.2132042237 341.3474706 527.4955024 1.955365387 -1294.635415
0.825 990.2512781 308.8272212 354.8991762 130.7413754 1232.286427 1574.640605 0.2137918212 342.3537969 528.4338615 1.951084526 -1305.350236
0.83 998.1353596 312.4267989 352.074002 130.1446666 1235.641245 1578.990552 0.2143623845 343.3489267 529.3711356 1.946861882 -1316.130886
0.835 1006.041169 316.0409592 349.2998009 129.5538059 1238.998477 1583.33189 0.2149162154 344.3330347 530.3073315 1.94269478 -1326.961741
0.84 1013.968664 319.6695996 346.57576 128.9687239 1242.357919 1587.6646 0.2154536322 345.3063029 531.2424501 1.938580718 -1337.828294
0.845 1021.917801 323.3126117 343.9010316 128.3893525 1245.719357 1591.988654 0.2159749667 346.2689196 532.176488 1.934517354 -1348.717111
0.85 1029.888536 326.9698823 341.2747403 127.8156249 1249.082568 1596.304022 0.2164805609 347.2210775 533.1094375 1.9305025 -1359.61578
0.855 1037.880827 330.6412934 338.6959886 127.247475 1252.447319 1600.610667 0.2169707652 348.1629729 534.0412874 1.92653412 -1370.512863
0.86 1045.894628 334.3267237 336.163863 126.6848378 1255.81337 1604.908549 0.2174459355 349.0948046 534.9720237 1.922610317 -1381.397849
0.865 1053.929897 338.0260484 333.6774389 126.1276492 1259.18048 1609.197625 0.2179064316 350.0167724 535.9016295 1.918729325 -1392.261099
0.87 1061.98659 341.7391403 331.2357845 125.5758457 1262.548402 1613.477851 0.2183526152 350.9290767 536.8300863 1.914889508 -1403.093801
0.875 1070.064661 345.4658702 328.837965 125.0293645 1265.91689 1617.749179 0.2187848487 351.8319178 537.7573734 1.911089345 -1413.887922
0.88 1078.164067 349.2061071 326.4830461 124.4881433 1269.285696 1622.011561 0.2192034934 352.7254948 538.683469 1.907327428 -1424.636154
0.885 1086.284762 352.9597189 324.1700969 123.9521206 1272.654575 1626.26495 0.2196089085 353.6100055 539.6083502 1.903602453 -1435.331876
0.89 1094.426701 356.7265726 321.8981922 123.4212352 1276.023282 1630.509296 0.2200014502 354.4856456 540.5319933 1.899913214 -1445.969105
0.895 1102.589839 360.5065349 319.6664154 122.8954268 1279.391577 1634.744552 0.2203814704 355.3526083 541.4543739 1.896258592 -1456.542454
0.9 1110.774131 364.2994722 317.4738596 122.3746351 1282.75922 1638.970671 0.2207493166 356.2110843 542.3754674 1.892637557 -1467.047094
0.905 1118.979531 368.105251 315.31963 121.8588008 1286.125978 1643.187604 0.2211053307 357.061261 543.295249 1.889049155 -1477.478711
0.91 1127.205992 371.9237383 313.2028449 121.3478647 1289.49162 1647.395308 0.2214498486 357.9033227 544.2136938 1.885492505 -1487.833471
0.915 1135.453468 375.7548015 311.1226367 120.8417684 1292.855924 1651.593738 0.2217832001 358.7374501 545.1307772 1.881966792 -1498.107986
0.92 1143.721914 379.5983088 309.0781532 120.3404537 1296.218667 1655.782851 0.2221057081 359.5638203 546.0464747 1.878471264 -1508.29928
0.925 1152.011281 383.4541296 307.0685582 119.8438631 1299.579637 1659.962606 0.2224176885 360.3826067 546.9607622 1.875005227 -1518.404758
0.93 1160.321524 387.3221339 305.0930321 119.3519396 1302.938626 1664.132966 0.2227194501 361.1939786 547.873616 1.871568038 -1528.422177
0.935 1168.652595 391.2021935 303.1507724 118.8646265 1306.295429 1668.293892 0.2230112943 361.9981019 548.7850131 1.868159103 -1538.349617
0.94 1177.004447 395.0941811 301.2409939 118.3818678 1309.649851 1672.445349 0.223293515 362.795138 549.6949307 1.864777873 -1548.185459
0.945 1185.377033 398.9979709 299.3629291 117.9036079 1313.001702 1676.587306 0.2235663987 363.5852448 550.6033471 1.861423838 -1557.928357
0.95 1193.770305 402.9134387 297.5158284 117.4297917 1316.350795 1680.71973 0.2238302243 364.368576 551.5102408 1.858096527 -1567.577217
0.955 1202.184214 406.840462 295.6989597 116.9603649 1319.696954 1684.842593 0.2240852632 365.1452815 552.4155914 1.854795502 -1577.131178
0.96 1210.618714 410.7789197 293.911609 116.4952733 1323.040005 1688.955869 0.2243317792 365.9155072 553.319379 1.851520356 -1586.589587
0.965 1219.073757 414.7286924 292.1530797 116.0344635 1326.379782 1693.059533 0.2245700289 366.6793952 554.2215846 1.848270711 -1595.951988
0.97 1227.549294 418.6896627 290.4226931 115.5778826 1329.716124 1697.153563 0.2248002615 367.4370839 555.1221897 1.845046213 -1605.218101
0.975 1236.045277 422.6617146 288.7197875 115.1254783 1333.048877 1701.23794 0.2250227188 368.1887078 556.0211768 1.841846534 -1614.387805
0.98 1244.561657 426.644734 287.0437185 114.6771988 1336.377892 1705.312644 0.2252376356 368.9343978 556.9185292 1.838671365 -1623.461126
0.985 1253.098387 430.6386088 285.3938586 114.2329928 1339.703026 1709.377661 0.2254452399 369.6742812 557.8142307 1.835520417 -1632.438225
0.99 1261.655417 434.6432283 283.769597 113.7928098 1343.024141 1713.432976 0.2256457525 370.4084818 558.7082661 1.832393418 -1641.319381
0.995 1270.2327 438.6584839 282.170339 113.3565995 1346.341106 1717.478577 0.2258393878 371.1371198 559.6006209 1.829290113 -1650.104982
1 1278.830187 442.6842687 280.595506 112.9243125 1349.653792 1721.514456 0.2260263534 371.8603124 560.4912814 1.826210258 -1658.795516
1.005 1287.447829 446.7204777 279.0445349 112.4958999 1352.96208 1725.540603 0.2262068509 372.5781731 561.3802346 1.823153625 -1667.391557
1.01 1296.085577 450.7670074 277.516878 112.0713133 1356.265852 1729.557014 0.2263810752 373.2908124 562.2674681 1.820119996 -1675.89376
1.015 1304.743383 454.8237564 276.0120025 111.650505 1359.564997 1733.563684 0.2265492154 373.9983377 563.1529704 1.817109164 -1684.30285
1.02 1313.421197 458.8906248 274.5293903 111.2334276 1362.859408 1737.56061 0.2267114547 374.7008533 564.0367306 1.814120929 -1692.619614
1.025 1322.118973 462.9675146 273.0685372 110.8200348 1366.148984 1741.547792 0.2268679705 375.3984607 564.9187385 1.811155103 -1700.844897
1.03 1330.836659 467.0543295 271.6289532 110.4102803 1369.433626 1745.525232 0.2270189346 376.0912583 565.7989847 1.808211501 -1708.979593
1.035 1339.574209 471.1509749 270.2101615 110.0041188 1372.713243 1749.492931 0.2271645135 376.7793419 566.6774602 1.805289947 -1717.024639
1.04 1348.331572 475.2573578 268.8116986 109.6015055 1375.987744 1753.450894 0.2273048682 377.4628046 567.5541567 1.802390272 -1724.981009
1.045 1357.108701 479.3733868 267.4331137 109.2023961 1379.257045 1757.399127 0.2274401548 378.1417368 568.4290667 1.799512308 -1732.84971
1.05 1365.905547 483.4989724 266.0739683 108.8067468 1382.521067 1761.337638 0.2275705246 378.8162264 569.3021832 1.796655895 -1740.631779
1.055 1374.722062 487.6340265 264.7338362 108.4145146 1385.779731 1765.266434 0.2276961237 379.4863589 570.1734996 1.793820877 -1748.328276
1.06 1383.558195 491.7784625 263.4123027 108.0256569 1389.032966 1769.185526 0.2278170939 380.1522173 571.04301 1.791007099 -1755.940279
1.065 1392.413901 495.9321956 262.1089645 107.6401318 1392.280701 1773.094926 0.2279335724 380.8138824 571.9107092 1.78821441 -1763.468884
1.07 1401.289129 500.0951422 260.8234295 107.2578979 1395.522871 1776.994646 0.2280456921 381.4714326 572.7765922 1.785442663 -1770.915201
1.075 1410.183831 504.2672206 259.5553161 106.8789142 1398.759413 1780.884699 0.2281535815 382.1249444 573.6406547 1.782691713 -1778.280348
1.08 1419.097959 508.4483501 258.3042532 106.5031407 1401.990268 1784.765101 0.2282573653 382.774492 574.5028929 1.779961415 -1785.565453
1.085 1428.031466 512.6384518 257.0698799 106.1305375 1405.215381 1788.635869 0.228357164 383.4201476 575.3633034 1.777251628 -1792.771646
1.09 1436.984302 516.8374481 255.8518449 105.7610655 1408.434697 1792.497019 0.2284530946 384.0619813 576.2218833 1.774562211 -1799.900062
1.095 1445.95642 521.0452628 254.6498066 105.394686 1411.648168 1796.348569 0.2285452701 384.7000617 577.07863 1.771893026 -1806.951836
1.1 1454.947772 525.261821 253.4634324 105.031361 1414.855745 1800.190539 0.2286338001 385.3344551 577.9335415 1.769243933 -1813.928102
1.105 1463.95831 529.487049 252.2923987 104.6710529 1418.057384 1804.022949 0.2287187908 385.9652262 578.7866161 1.766614796 -1820.82999
1.11 1472.987985 533.7208748 251.1363906 104.3137248 1421.253044 1807.84582 0.2288003449 386.5924381 579.6378525 1.764005479 -1827.658628
1.115 1482.036752 537.9632273 249.9951016 103.9593402 1424.442685 1811.659174 0.228878562 387.2161521 580.4872499 1.761415845 -1834.415135
1.12 1491.104561 542.2140368 248.8682333 103.607863 1427.62627 1815.463034 0.2289535387 387.8364277 581.3348077 1.75884576 -1841.100627
1.125 1500.191366 546.4732348 247.7554952 103.2592578 1430.803764 1819.257423 0.2290253682 388.4533232 582.1805256 1.756295088 -1847.716209
1.13 1509.29712 550.740754 246.6566045 102.9134898 1433.975136 1823.042366 0.2290941413 389.0668951 583.0244038 1.753763695 -1854.262977
1.135 1518.421774 555.0165282 245.5712858 102.5705244 1437.140354 1826.817888 0.2291599456 389.6771985 583.8664428 1.751251447 -1860.74202
1.14 1527.565283 559.3004926 244.4992708 102.2303277 1440.299392 1830.584014 0.2292228662 390.2842872 584.7066432 1.74875821 -1867.154414
1.145 1536.727599 563.5925831 243.4402982 101.8928663 1443.452223 1834.34077 0.2292829855 390.8882134 585.5450061 1.746283849 -1873.501223
1.15 1545.908675 567.8927371 242.3941136 101.5581071 1446.598823 1838.088185 0.2293403833 391.4890282 586.3815329 1.743828232 -1879.783503
1.155 1555.108465 572.2008928 241.360469 101.2260178 1449.73917 1841.826284 0.229395137 392.0867812 587.216225 1.741391225 -1886.002292
1.16 1564.326923 576.5169897 240.3391228 100.8965663 1452.873243 1845.555097 0.2294473218 392.6815208 588.0490844 1.738972693 -1892.15862
1.165 1573.564001 580.840968 239.3298397 100.5697209 1456.001025 1849.274651 0.2294970103 393.2732944 588.8801131 1.736572505 -1898.253502
1.17 1582.819654 585.1727691 238.3323901 100.2454507 1459.122497 1852.984977 0.2295442732 393.8621479 589.7093134 1.734190527 -1904.287938
1.175 1592.093835 589.5123355 237.3465505 99.92372503 1462.237646 1856.686103 0.2295891787 394.4481262 590.5366879 1.731826625 -1910.262917
1.18 1601.386499 593.8596105 236.3721027 99.60451362 1465.346456 1860.378059 0.2296317932 395.0312732 591.3622393 1.729480666 -1916.179411
1.185 1610.697601 598.2145383 235.4088343 99.28778673 1468.448915 1864.060877 0.2296721812 395.6116316 592.1859706 1.727152519 -1922.03838
1.19 1620.027093 602.5770641 234.456538 98.97351506 1471.545013 1867.734586 0.2297104049 396.1892431 593.0078849 1.724842048 -1927.840769
1.195 1629.374931 606.947134 233.5150115 98.66166971 1474.63474 1871.399218 0.2297465249 396.7641484 593.8279855 1.722549123 -1933.587509
1.2 1638.74107 611.324695 232.5840578 98.35222219 1477.718089 1875.054804 0.2297805999 397.3363872 594.646276 1.72027361 -1939.279514
