# nB[fm-3], eps[MeVfm-3], p[MeVfm-3], M*_p[MeV], M*_n[MeV], chempo_p[MeV], chempo_n[MeV], xp[], kF_p[MeV], kF_n[MeV], gamma_fixYp[], dchempo_delta_dYp[MeV]
1.611213862e-09 1.499605813e-06 5.951694891e-11 0 0 0 0 0 0 0 0 0
2.037602643e-09 1.896479312e-06 8.517181222e-11 0 0 0 0 0 0 0 0 0
2.576798073e-09 2.398358874e-06 1.214873459e-10 0 0 0 0 0 0 0 0 0
3.258632346e-09 3.03301713e-06 1.727255555e-10 0 0 0 0 0 0 0 0 0
4.120822345e-09 3.835568382e-06 2.447907844e-10 0 0 0 0 0 0 0 0 0
5.211051883e-09 4.850407932e-06 3.458440515e-10 0 0 0 0 0 0 0 0 0
6.589603202e-09 6.133663205e-06 4.871429353e-10 0 0 0 0 0 0 0 0 0
8.332682362e-09 7.756291426e-06 6.841890643e-10 0 0 0 0 0 0 0 0 0
1.053662116e-08 9.807994144e-06 9.582949459e-10 0 0 0 0 0 0 0 0 0
1.332318609e-08 1.240216362e-05 1.338722173e-09 0 0 0 0 0 0 0 0 0
1.684628545e-08 1.568213244e-05 1.865597758e-09 0 0 0 0 0 0 0 0 0
2.130044169e-08 1.982906902e-05 2.593889557e-09 0 0 0 0 0 0 0 0 0
2.693149247e-08 2.50719511e-05 3.598822331e-09 0 0 0 0 0 0 0 0 0
3.405010467e-08 3.170016281e-05 4.983252199e-09 0 0 0 0 0 0 0 0 0
4.304883838e-08 4.007940297e-05 6.887701482e-09 0 0 0 0 0 0 0 0 0
5.442368957e-08 5.067177188e-05 9.50400498e-09 0 0 0 0 0 0 0 0 0
6.880128184e-08 6.406112975e-05 1.309385479e-08 0 0 0 0 0 0 0 0 0
8.697318138e-08 8.098510353e-05 1.801398392e-08 0 0 0 0 0 0 0 0 0
1.099391906e-07 0.0001023754766 2.475033865e-08 0 0 0 0 0 0 0 0 0
1.389619556e-07 0.0001294091433 3.396440935e-08 0 0 0 0 0 0 0 0 0
1.756358219e-07 0.0001635723742 4.655598825e-08 0 0 0 0 0 0 0 0 0
2.219736291e-07 0.0002067418419 6.374809427e-08 0 0 0 0 0 0 0 0 0
2.805160726e-07 0.0002612867414 8.720176909e-08 0 0 0 0 0 0 0 0 0
3.54469441e-07 0.0003301974426 1.191710649e-07 0 0 0 0 0 0 0 0 0
4.478790065e-07 0.0004172474909 1.627120168e-07 0 0 0 0 0 0 0 0 0
5.658471676e-07 0.0005271974866 2.219639872e-07 0 0 0 0 0 0 0 0 0
7.148077204e-07 0.0006660515077 3.025278186e-07 0 0 0 0 0 0 0 0 0
9.028704366e-07 0.0008413793822 4.119731673e-07 0 0 0 0 0 0 0 0 0
1.140253596e-06 0.001062721377 5.605177212e-07 0 0 0 0 0 0 0 0 0
1.439826374e-06 0.001342095882 7.619343912e-07 0 0 0 0 0 0 0 0 0
1.817788193e-06 0.001694635572 1.034759725e-06 0 0 0 0 0 0 0 0 0
2.294518444e-06 0.002139383482 1.403898604e-06 0 0 0 0 0 0 0 0 0
2.895637592e-06 0.002700287628 1.902747588e-06 0 0 0 0 0 0 0 0 0
3.653329706e-06 0.003407441318 2.575992946e-06 0 0 0 0 0 0 0 0 0
4.607987059e-06 0.004298626401 3.483279868e-06 0 0 0 0 0 0 0 0 0
5.810249594e-06 0.005421228195 4.703996545e-06 0 0 0 0 0 0 0 0 0
7.323525639e-06 0.006834603789 6.343468976e-06 0 0 0 0 0 0 0 0 0
9.227094664e-06 0.008612999185 8.540915622e-06 0 0 0 0 0 0 0 0 0
1.161990708e-05 0.01084912437 1.147955659e-05 0 0 0 0 0 0 0 0 0
1.462520793e-05 0.01365850686 1.539929415e-05 0 0 0 0 0 0 0 0 0
1.839611685e-05 0.01718475008 2.061235184e-05 0 0 0 0 0 0 0 0 0
2.31222902e-05 0.02160581698 2.752213064e-05 0 0 0 0 0 0 0 0 0
2.903776047e-05 0.02714143126 3.66452352e-05 0 0 0 0 0 0 0 0 0
3.642997782e-05 0.03406162278 4.863601709e-05 0 0 0 0 0 0 0 0 0
4.564993821e-05 0.04269631191 6.431188674e-05 0 0 0 0 0 0 0 0 0
5.712303072e-05 0.05344559052 8.467578204e-05 0 0 0 0 0 0 0 0 0
7.135980568e-05 0.06678995066 0.000110929171 0 0 0 0 0 0 0 0 0
8.896516576e-05 0.08329905087 0.0001444643661 0 0 0 0 0 0 0 0 0
0.0001106434085 0.1036365941 0.0001868184306 0 0 0 0 0 0 0 0 0
0.0001371950514 0.1285574724 0.0002395630251 0 0 0 0 0 0 0 0 0
0.0001699343937 0.1592989722 0.000284253389 0 0 0 0 0 0 0 0 0
0.0002108140823 0.1976911631 0.0003066940351 0 0 0 0 0 0 0 0 0
0.0002615278541 0.2453246701 0.0003318505485 0 0 0 0 0 0 0 0 0
0.0003244414116 0.3044236461 0.0003628495396 0 0 0 0 0 0 0 0 0
0.0004024895548 0.3777479572 0.0004023987348 0 0 0 0 0 0 0 0 0
0.0004993130839 0.4687220852 0.0004536796985 0 0 0 0 0 0 0 0 0
0.0006194286354 0.5815951629 0.0005206647735 0 0 0 0 0 0 0 0 0
0.0007684393755 0.721639571 0.0006083494535 0 0 0 0 0 0 0 0 0
0.0009532963768 0.8953973622 0.0007229489575 0 0 0 0 0 0 0 0 0
0.001182622873 1.110986007 0.0008720370936 0 0 0 0 0 0 0 0 0
0.001467116517 1.378477709 0.001064567931 0 0 0 0 0 0 0 0 0
0.001820048405 1.71036996 0.001310684338 0 0 0 0 0 0 0 0 0
0.002257882151 2.122169193 0.001621183768 0 0 0 0 0 0 0 0 0
0.002801041882 2.633114681 0.002006493556 0 0 0 0 0 0 0 0 0
0.003474864982 3.267076238 0.002475068524 0 0 0 0 0 0 0 0 0
0.004310784043 4.053667455 0.00303136195 0 0 0 0 0 0 0 0 0
0.005347793125 5.029626251 0.003674230352 0 0 0 0 0 0 0 0 0
0.006634266765 6.240527436 0.004398417692 0 0 0 0 0 0 0 0 0
0.008230216555 7.742908536 0.005205811769 0 0 0 0 0 0 0 0 0
0.01021009057 9.606912157 0.006141154219 0 0 0 0 0 0 0 0 0
0.01266624624 11.91957795 0.007380544643 0 0 0 0 0 0 0 0 0
0.01571325863 14.78895844 0.009422451576 0 0 0 0 0 0 0 0 0
0.01949326517 18.34929019 0.01346297518 0 0 0 0 0 0 0 0 0
0.02418259612 22.76753201 0.02207798929 0 0 0 0 0 0 0 0 0
0.03 28.25169111 0.04038249221 0 0 0 0 0 0 0 0 0
0.03380842391 31.84432029 0.05800486325 0 0 0 0 0 0 0 0 0
0.0364415918 34.32959244 0.07322124624 0 0 0 0 0 0 0 0 0
0.03855758555 36.32759953 0.08742057546 0 0 0 0 0 0 0 0 0
0.04036596235 38.03579739 0.1010288151 0 0 0 0 0 0 0 0 0
0.04194676347 39.52955033 0.1140770883 0 0 0 0 0 0 0 0 0
0.04333105813 40.83803758 0.1264063631 0 0 0 0 0 0 0 0 0
0.04452833431 41.97007601 0.1377576982 0 0 0 0 0 0 0 0 0
0.04553737945 42.9243831 0.1478186614 0 0 0 0 0 0 0 0 0
0.04635071148 43.69375961 0.1562480328 0 0 0 0 0 0 0 0 0
0.04695540641 44.26587182 0.1626806806 0 0 0 0 0 0 0 0 0
0.04732961779 44.61996138 0.1666933088 0 0 0 0 0 0 0 0 0
0.05 47.14769684 0.1979847177 789.5478716 789.5478716 892.0118339 946.9136312 0.01454630985 54.89941919 223.8010974 3.344315364 -1569.616675
0.055 51.88550985 0.2672552208 776.234898 776.234898 888.7804672 948.2320922 0.01679190463 59.44942883 230.8498068 3.299673401 -1448.248536
0.06 56.63021443 0.3498997283 763.1715664 763.1715664 885.7401766 949.6685692 0.01913850764 63.92635031 237.4541598 3.253613632 -1360.981042
0.065 61.38237581 0.4464841578 750.349807 750.349807 882.8779452 951.2132302 0.02157768431 68.33337443 243.6726047 3.208791071 -1294.089781
0.07 66.1425118 0.5574756682 737.7622953 737.7622953 880.1821728 952.8569639 0.02410131375 72.67299451 249.5520038 3.166474988 -1240.858027
0.075 70.91109672 0.6832651518 725.4023756 725.4023756 877.6425808 954.5914916 0.02670158412 76.94721408 255.1306078 3.127244031 -1197.469895
0.08 75.68856566 0.8241876588 713.2639946 713.2639946 875.2501189 956.4094165 0.02937099208 81.15768891 260.4401208 3.091324886 -1161.536143
0.085 80.47531899 0.9805406383 701.3416442 701.3416442 872.9968749 958.3042309 0.03210234323 85.30582553 265.5071729 3.058761614 -1131.454197
0.09 85.27172668 1.152599956 689.6303092 689.6303092 870.875985 960.2702959 0.03488875214 89.39285041 270.354394 3.029502049 -1106.092585
0.095 90.07813264 1.340633719 678.1254228 678.1254228 868.8815475 962.3028038 0.03772364097 93.41985876 275.0012139 3.003442498 -1084.620207
0.1 94.8948587 1.544913974 666.8228248 666.8228248 867.008537 964.3977268 0.04060073649 97.38784911 279.4644674 2.980451013 -1066.407166
0.105 99.72220839 1.765726391 655.7187246 655.7187246 865.2527231 966.5517598 0.04351406536 101.2977479 283.7588613 2.960379522 -1050.963807
0.11 104.5604704 2.003378057 644.8096669 644.8096669 863.6105902 968.7622585 0.04645794782 105.1504267 287.8973378 2.943070133 -1037.901463
0.115 109.4099216 2.258203515 634.0925005 634.0925005 862.0792622 971.0271753 0.04942699003 108.9467146 291.8913623 2.928358431 -1026.906208
0.12 114.2708303 2.530569205 623.5643488 623.5643488 860.65643 973.3449957 0.05241607541 112.687407 295.7511535 2.916075257 -1017.720703
0.125 119.143458 2.820876456 613.2225829 613.2225829 859.3402824 975.7146757 0.05542035517 116.3732713 299.4858691 2.906047788 -1010.131303
0.13 124.0280624 3.129563165 603.0647956 603.0647956 858.1294417 978.1355812 0.05843523839 120.0050515 303.1037573 2.898100333 -1003.958676
0.135 128.9248987 3.457104316 593.0887773 593.0887773 857.0229022 980.6074298 0.06145638188 123.5834711 306.6122815 2.89205507 -999.0508235
0.14 133.8342216 3.80401147 583.2924932 583.2924932 856.0199735 983.1302362 0.06447968004 127.1092355 310.0182239 2.887732827 -995.2778063
0.145 138.7562864 4.17083135 573.6740615 573.6740615 855.1202271 985.7042605 0.06750125499 130.5830336 313.3277714 2.884953956 -992.5276812
0.15 143.6913503 4.558143647 564.2317322 564.2317322 854.3234464 988.3299598 0.07051744701 134.0055391 316.5465885 2.883539285 -990.7033349
0.155 148.6396732 4.966558148 554.9638681 554.9638681 853.6295814 991.0079439 0.0735248055 137.3774122 319.6798786 2.883311162 -989.7199807
0.16 153.6015181 5.396711306 545.8689248 545.8689248 853.0387057 993.7389338 0.07652008051 140.6993002 322.7324364 2.884094535 -989.5031582
0.165 158.5771522 5.849262328 536.9454336 536.9454336 852.5509782 996.5237242 0.07950021487 143.9718392 325.7086923 2.885718068 -989.9871183
0.17 163.5668464 6.324888893 528.1919837 528.1919837 852.1666068 999.3631488 0.08246233701 147.195655 328.6127508 2.888015245 -991.1135067
0.175 168.5708761 6.824282577 519.607206 519.607206 851.8858168 1002.25805 0.08540375438 150.3713646 331.4484237 2.890825445 -992.8302829
0.18 173.5895207 7.348144067 511.1897579 511.1897579 851.7088209 1005.209249 0.08832194755 153.4995775 334.219259 2.893994949 -995.0908244
0.185 178.6230637 7.897178237 502.9383086 502.9383086 851.6357933 1008.217524 0.09121456485 156.580897 336.9285651 2.897377872 -997.8531811
0.19 183.6717923 8.472089169 494.8515258 494.8515258 851.6668468 1011.283587 0.09407941753 159.6159219 339.5794336 2.900836987 -1001.079448
0.195 188.735997 9.073575186 486.9280629 486.9280629 851.8020116 1014.408062 0.09691447544 162.6052477 342.1747572 2.904244434 -1004.73524
0.2 193.8159711 9.70232395 479.1665481 479.1665481 852.0412187 1017.591475 0.09971786302 165.5494681 344.7172474 2.907482299 -1008.78924
0.205 198.9120106 10.35900771 471.5655732 471.5655732 852.384284 1020.834236 0.1024878556 168.4491767 347.2094487 2.910443057 -1013.212822
0.21 204.0244129 11.04427871 464.1236856 464.1236856 852.8308966 1024.136627 0.1052228761 171.304968 349.6537518 2.913029875 -1017.979724
0.215 209.1534765 11.7587649 456.8393791 456.8393791 853.3806089 1027.498797 0.1079214914 174.1174386 352.0524053 2.915156777 -1023.065767
0.22 214.2995005 12.50306587 449.711088 449.711088 854.0328293 1030.920756 0.1105824095 176.8871889 354.4075257 2.916748671 -1028.448615
0.225 219.4627835 13.27774915 442.7371809 442.7371809 854.7868171 1034.402367 0.1132044759 179.6148235 356.7211071 2.917741252 -1034.10757
0.23 224.6436232 14.08334688 435.9159568 435.9159568 855.6416793 1037.943348 0.1157866706 182.3009524 358.9950289 2.918080775 -1040.02339
0.235 229.8423152 14.92035284 429.2456413 429.2456413 856.5963707 1041.543268 0.1183281042 184.9461918 361.2310639 2.917723732 -1046.178135
0.24 235.0591531 15.78921993 422.7243852 422.7243852 857.6496941 1045.201554 0.1208280148 187.5511642 363.4308846 2.916636425 -1052.555032
0.245 240.2944269 16.69035805 416.3502631 416.3502631 858.8003036 1048.917489 0.1232857638 190.1164992 365.5960695 2.914794455 -1059.13836
0.25 245.5484227 17.6241324 410.121274 410.121274 860.0467092 1052.69022 0.1257008319 192.6428334 367.7281088 2.912182149 -1065.913347
0.255 250.8214221 18.59086227 404.0353422 404.0353422 861.3872826 1056.518762 0.1280728149 195.1308106 369.8284096 2.908791933 -1072.866082
0.26 256.1137015 19.59082019 398.0903194 398.0903194 862.8202641 1060.402006 0.1304014187 197.5810816 371.8983006 2.904623657 -1079.983445
0.265 261.4255313 20.62423154 392.2839882 392.2839882 864.3437714 1064.338728 0.1326864553 199.9943035 373.9390364 2.899683909 -1087.253032
0.27 266.7571757 21.69127452 386.6140651 386.6140651 865.9558084 1068.327593 0.1349278368 202.3711397 375.951802 2.893985301 -1094.663105
0.275 272.1088918 22.79208053 381.0782057 381.0782057 867.654275 1072.367172 0.1371255709 204.7122592 377.9377164 2.887545769 -1102.202542
0.28 277.4809294 23.92673487 375.6740094 375.6740094 869.4369777 1076.455944 0.1392797551 207.0183354 379.8978364 2.880387874 -1109.860793
0.285 282.8735305 25.09527778 370.3990246 370.3990246 871.3016401 1080.59231 0.1413905713 209.290046 381.8331598 2.87253812 -1117.627841
0.29 288.286929 26.29770572 365.2507553 365.2507553 873.2459142 1084.774603 0.1434582799 211.5280712 383.744629 2.864026313 -1125.494177
0.295 293.7213502 27.53397297 360.2266665 360.2266665 875.2673912 1089.001096 0.1454832144 213.7330935 385.6331338 2.854884937 -1133.450765
0.3 299.1770107 28.80399338 355.3241912 355.3241912 877.3636127 1093.270014 0.1474657754 215.9057962 387.4995145 2.845148577 -1141.489021
0.305 304.6541181 30.10764234 350.5407361 350.5407361 879.5320813 1097.579542 0.149406425 218.0468622 389.3445645 2.834853386 -1149.600794
0.31 310.1528707 31.44475888 345.8736889 345.8736889 881.7702708 1101.927837 0.1513056811 220.1569736 391.1690331 2.824036592 -1157.778341
0.315 315.6734579 32.81514787 341.3204239 341.3204239 884.0756372 1106.313034 0.1531641118 222.2368096 392.9736281 2.812736055 -1166.014316
0.32 321.2160595 34.21858235 336.8783087 336.8783087 886.4456272 1110.733256 0.1549823301 224.2870464 394.7590179 2.800989865 -1174.301755
0.325 326.7808457 35.65480586 332.5447102 332.5447102 888.8776881 1115.18662 0.1567609884 226.3083553 396.5258342 2.788835994 -1182.634056
0.33 332.3679778 37.12353479 328.3170001 328.3170001 891.369276 1119.67125 0.1585007738 228.3014023 398.2746738 2.776311983 -1191.004973
0.335 337.9776072 38.62446079 324.1925611 324.1925611 893.9178636 1124.185278 0.1602024027 230.2668471 400.0061009 2.763454682 -1199.408601
0.34 343.6098764 40.15725307 320.1687914 320.1687914 896.5209477 1128.726852 0.1618666168 232.2053415 401.720649 2.750300023 -1207.839363
0.345 349.2649186 41.72156074 316.2431101 316.2431101 899.1760557 1133.294143 0.1634941783 234.1175297 403.418823 2.736882834 -1216.292002
0.35 354.9428577 43.31701503 312.4129613 312.4129613 901.8807513 1137.885351 0.1650858658 236.0040463 405.1011004 2.723236687 -1224.761568
0.355 360.643809 44.94323147 308.6758187 308.6758187 904.6326402 1142.498706 0.1666424707 237.8655165 406.7679336 2.709393779 -1233.24341
0.36 366.3678788 46.59981195 305.0291891 305.0291891 907.4293745 1147.132474 0.1681647937 239.7025551 408.4197511 2.695384844 -1241.733161
0.365 372.115165 48.28634673 301.4706158 301.4706158 910.2686569 1151.784964 0.1696536408 241.515766 410.0569594 2.681239085 -1250.226733
0.37 377.8857569 50.00241628 297.9976817 297.9976817 913.1482439 1156.454522 0.1711098214 243.3057416 411.6799438 2.666984136 -1258.720302
0.375 383.6797359 51.74759311 294.6080121 294.6080121 916.065949 1161.139544 0.1725341443 245.0730624 413.2890703 2.652646039 -1267.2103
0.38 389.4971755 53.5214434 291.2992765 291.2992765 919.019645 1165.838471 0.1739274164 246.8182968 414.8846867 2.638249241 -1275.693407
0.385 395.3381413 55.32352855 288.0691912 288.0691912 922.0072657 1170.549792 0.1752904396 248.5420008 416.4671234 2.623816606 -1284.166534
0.39 401.2026916 57.15340665 284.9155207 284.9155207 925.0268077 1175.272047 0.1766240089 250.2447175 418.0366952 2.60936944 -1292.626821
0.395 407.0908776 59.01063377 281.8360787 281.8360787 928.0763309 1180.003826 0.1779289109 251.9269772 419.5937016 2.594927524 -1301.07162
0.4 413.0027435 60.89476521 278.8287298 278.8287298 931.1539598 1184.743772 0.1792059223 253.5892972 421.1384284 2.580509157 -1309.498489
0.405 418.9383268 62.8053566 275.8913898 275.8913898 934.257883 1189.490576 0.180455808 255.2321817 422.6711482 2.566131208 -1317.905181
0.41 424.8976586 64.74196492 273.0220263 273.0220263 937.3863539 1194.242984 0.1816793202 256.856122 424.1921214 2.551809167 -1326.289635
0.415 430.880764 66.70414942 270.2186594 270.2186594 940.53769 1198.999791 0.1828771977 258.4615961 425.7015968 2.537557211 -1334.649964
0.42 436.8876619 68.69147243 267.4793614 267.4793614 943.7102724 1203.759844 0.1840501645 260.0490693 427.1998126 2.523388258 -1342.984448
0.425 442.918366 70.70350011 264.8022567 264.8022567 946.902545 1208.522038 0.1851989295 261.6189938 428.686997 2.509314035 -1351.291525
0.43 448.9728841 72.73980308 262.185522 262.185522 950.1130138 1213.285319 0.1863241856 263.1718092 430.1633687 2.495345143 -1359.569779
0.435 455.0512193 74.79995703 259.6273856 259.6273856 953.3402455 1218.048681 0.1874266097 264.7079425 431.6291378 2.481491116 -1367.817936
0.44 461.1533695 76.88354318 257.1261268 257.1261268 956.5828664 1222.811165 0.1885068618 266.2278083 433.0845057 2.467760491 -1376.034853
0.445 467.279328 78.99014874 254.6800755 254.6800755 959.839561 1227.571858 0.1895655853 267.7318091 434.5296665 2.454160865 -1384.219508
0.45 473.4290836 81.11936728 252.2876115 252.2876115 963.1090705 1232.329891 0.1906034066 269.2203354 435.9648068 2.440698959 -1392.370997
0.455 479.6026211 83.27079902 249.9471632 249.9471632 966.3901914 1237.08444 0.1916209351 270.693766 437.3901063 2.427380678 -1400.488522
0.46 485.7999209 85.44405114 247.6572075 247.6572075 969.6817739 1241.834722 0.192618763 272.1524682 438.8057384 2.414211163 -1408.571386
0.465 492.0209599 87.63873794 245.416268 245.416268 972.98272 1246.579995 0.1935974659 273.5967982 440.2118704 2.401194852 -1416.618989
0.47 498.2657113 89.85448104 243.2229146 243.2229146 976.2919823 1251.319558 0.1945576023 275.0271012 441.6086639 2.388335529 -1424.630814
0.475 504.5341449 92.09090951 241.0757622 241.0757622 979.6085619 1256.052746 0.1954997142 276.4437119 442.996275 2.375636372 -1432.606428
0.48 510.8262271 94.34765995 238.9734696 238.9734696 982.931507 1260.778931 0.1964243272 277.8469545 444.3748549 2.363100004 -1440.545473
0.485 517.1419215 96.62437655 236.9147385 236.9147385 986.2599111 1265.497522 0.1973319507 279.2371432 445.7445499 2.350728536 -1448.44766
0.49 523.4811887 98.92071113 234.8983123 234.8983123 989.5929113 1270.207959 0.1982230783 280.6145824 447.1055019 2.338523609 -1456.312767
0.495 529.8439867 101.2363232 232.9229749 232.9229749 992.9296869 1274.909717 0.1990981881 281.9795669 448.4578481 2.326486434 -1464.140627
0.5 536.2302706 103.5708797 230.9875498 230.9875498 996.2694574 1279.602301 0.1999577428 283.3323825 449.8017222 2.314617826 -1471.931134
0.505 542.6399936 105.9240555 229.0908986 229.0908986 999.6114811 1284.285246 0.2008021904 284.673306 451.1372536 2.302918246 -1479.684226
0.51 549.0731063 108.2955326 227.2319203 227.2319203 1002.955054 1288.958115 0.2016319643 286.0026053 452.4645682 2.291387825 -1487.399893
0.515 555.5295573 110.6850007 225.4095497 225.4095497 1006.299506 1293.620501 0.2024474838 287.3205403 453.7837884 2.280026402 -1495.078165
0.52 562.0092932 113.0921567 223.6227567 223.6227567 1009.644204 1298.272019 0.2032491544 288.6273624 455.0950333 2.268833546 -1502.719109
0.525 568.5122588 115.5167051 221.870545 221.870545 1012.988546 1302.912312 0.2040373683 289.9233155 456.3984189 2.257808585 -1510.32283
0.53 575.038397 117.9583571 220.151951 220.151951 1016.331961 1307.541045 0.2048125046 291.2086357 457.6940579 2.246950632 -1517.889464
0.535 581.5876494 120.4168312 218.4660426 218.4660426 1019.67391 1312.157908 0.2055749298 292.4835517 458.9820605 2.236258602 -1525.419178
0.54 588.1599558 122.8918529 216.8119188 216.8119188 1023.013879 1316.762609 0.2063249983 293.7482854 460.2625339 2.225731239 -1532.912163
0.545 594.7552548 125.3831544 215.1887077 215.1887077 1026.351385 1321.354879 0.2070630525 295.0030516 461.5355828 2.215367132 -1540.368634
0.55 601.3734835 127.8904744 213.5955663 213.5955663 1029.68597 1325.934469 0.2077894234 296.2480585 462.8013093 2.205164732 -1547.788829
0.555 608.014578 130.4135584 212.0316792 212.0316792 1033.0172 1330.501147 0.2085044309 297.483508 464.059813 2.195122371 -1555.173005
0.56 614.6784731 132.9521582 210.4962578 210.4962578 1036.344666 1335.054699 0.2092083841 298.7095959 465.3111914 2.185238274 -1562.521434
0.565 621.3651027 135.5060316 208.9885391 208.9885391 1039.667981 1339.594928 0.2099015819 299.9265119 466.5555396 2.175510574 -1569.834406
0.57 628.0743999 138.0749428 207.5077852 207.5077852 1042.98678 1344.121654 0.2105843129 301.13444 467.7929507 2.165937325 -1577.112223
0.575 634.8062965 140.6586619 206.053282 206.053282 1046.30072 1348.63471 0.2112568562 302.3335587 469.0235155 2.156516515 -1584.355198
0.58 641.5607239 143.2569647 204.6243388 204.6243388 1049.609475 1353.133946 0.2119194815 303.5240411 470.2473232 2.147246071 -1591.563656
0.585 648.3376127 145.8696327 203.2202872 203.2202872 1052.912739 1357.619223 0.2125724496 304.7060552 471.4644607 2.138123876 -1598.737929
0.59 655.1368927 148.4964528 201.8404802 201.8404802 1056.210225 1362.090416 0.2132160123 305.879764 472.6750133 2.129147771 -1605.878359
0.595 661.9584932 151.1372176 200.484292 200.484292 1059.501662 1366.547413 0.2138504133 307.0453256 473.8790644 2.120315568 -1612.985293
0.6 668.802343 153.7917247 199.1511165 199.1511165 1062.786795 1370.990113 0.214475888 308.2028937 475.0766958 2.111625055 -1620.059082
0.605 675.6683703 156.4597767 197.8403673 197.8403673 1066.065386 1375.418425 0.2150926641 309.3526173 476.2679875 2.103074002 -1627.100082
0.61 682.5565031 159.1411814 196.5514764 196.5514764 1069.337208 1379.83227 0.2157009618 310.4946412 477.4530179 2.094660169 -1634.108655
0.615 689.4666688 161.8357513 195.2838941 195.2838941 1072.602052 1384.231577 0.2163009938 311.6291061 478.631864 2.086381308 -1641.085163
0.62 696.3987946 164.5433036 194.0370878 194.0370878 1075.859722 1388.616287 0.2168929662 312.7561484 479.8046012 2.078235173 -1648.029969
0.625 703.3528073 167.2636601 192.8105418 192.8105418 1079.110031 1392.986348 0.217477078 313.8759011 480.9713033 2.070219518 -1654.943439
0.63 710.3286336 169.9966468 191.6037566 191.6037566 1082.352807 1397.341715 0.2180535219 314.988493 482.132043 2.062332108 -1661.825939
0.635 717.3261999 172.7420945 190.4162482 190.4162482 1085.587891 1401.682353 0.2186224843 316.0940496 483.2868913 2.054570716 -1668.677834
0.64 724.3454325 175.4998376 189.2475478 189.2475478 1088.81513 1406.008235 0.2191841455 317.1926928 484.435918 2.046933129 -1675.499489
0.645 731.3862576 178.2697151 188.0972008 188.0972008 1092.034386 1410.319338 0.2197386801 318.2845411 485.5791917 2.039417152 -1682.291268
0.65 738.4486012 181.0515696 186.9647668 186.9647668 1095.245529 1414.615647 0.220286257 319.3697099 486.7167796 2.032020608 -1689.053533
0.655 745.5323894 183.8452477 185.849819 185.849819 1098.448437 1418.897156 0.2208270398 320.4483113 487.8487477 2.024741342 -1695.786644
0.66 752.6375481 186.6505996 184.7519434 184.7519434 1101.643 1423.16386 0.2213611869 321.5204545 488.9751609 2.017577222 -1702.49096
0.665 759.7640033 189.4674792 183.6707385 183.6707385 1104.829113 1427.415763 0.2218888517 322.5862458 490.0960828 2.010526141 -1709.166835
0.67 766.9116811 192.295744 182.6058153 182.6058153 1108.006681 1431.652873 0.2224101826 323.6457885 491.2115759 2.003586017 -1715.814621
0.675 774.0805074 195.1352548 181.556796 181.556796 1111.175618 1435.875203 0.2229253235 324.6991834 492.3217017 1.996754797 -1722.434669
0.68 781.2704085 197.9858757 180.5233145 180.5233145 1114.335842 1440.082771 0.2234344139 325.7465286 493.4265205 1.990030456 -1729.027324
0.685 788.4813106 200.8474741 179.5050153 179.5050153 1117.487279 1444.275598 0.2239375888 326.7879195 494.5260917 1.983411 -1735.592928
0.69 795.71314 203.7199205 178.5015536 178.5015536 1120.629863 1448.453711 0.2244349793 327.8234492 495.6204736 1.976894462 -1742.131819
0.695 802.9658232 206.6030884 177.5125946 177.5125946 1123.763533 1452.617139 0.2249267122 328.8532085 496.7097234 1.970478908 -1748.644333
0.7 810.2392869 209.4968543 176.5378133 176.5378133 1126.888234 1456.765916 0.2254129105 329.8772858 497.7938976 1.964162436 -1755.1308
0.705 817.533458 212.4010975 175.5768943 175.5768943 1130.003917 1460.900079 0.2258936938 330.8957671 498.8730514 1.957943173 -1761.591547
0.71 824.8482634 215.3157002 174.6295313 174.6295313 1133.110537 1465.019667 0.2263691776 331.9087366 499.9472394 1.951819281 -1768.026895
0.715 832.1836304 218.2405471 173.6954266 173.6954266 1136.208055 1469.124724 0.2268394742 332.9162762 501.0165151 1.945788953 -1774.437164
0.72 839.5394865 221.1755256 172.7742913 172.7742913 1139.296438 1473.215295 0.2273046927 333.9184659 502.0809312 1.939850412 -1780.822667
0.725 846.9157593 224.1205259 171.8658445 171.8658445 1142.375655 1477.291428 0.2277649388 334.9153836 503.1405394 1.934001916 -1787.183713
0.73 854.3123768 227.0754403 170.9698134 170.9698134 1145.44568 1481.353174 0.2282203151 335.9071054 504.1953909 1.928241755 -1793.520607
0.735 861.7292672 230.0401637 170.0859329 170.0859329 1148.506493 1485.400586 0.2286709212 336.8937058 505.2455357 1.922568249 -1799.83365
0.74 869.1663589 233.0145933 169.2139452 169.2139452 1151.558076 1489.433719 0.2291168538 337.8752571 506.2910231 1.916979751 -1806.123138
0.745 876.6235807 235.9986285 168.3535998 168.3535998 1154.600414 1493.45263 0.229558207 338.8518304 507.3319018 1.911474647 -1812.389362
0.75 884.1008616 238.992171 167.5046529 167.5046529 1157.633498 1497.457377 0.229995072 339.8234946 508.3682196 1.906051352 -1818.63261
0.755 891.5981309 241.9951246 166.6668678 166.6668678 1160.65732 1501.448021 0.2304275374 340.7903174 509.4000233 1.900708313 -1824.853164
0.76 899.1153184 245.0073952 165.8400139 165.8400139 1163.671876 1505.424623 0.2308556895 341.7523649 510.4273595 1.895444008 -1831.051302
0.765 906.6523539 248.0288907 165.023867 165.023867 1166.677165 1509.387248 0.2312796118 342.7097014 511.4502736 1.890256947 -1837.227299
0.77 914.2091677 251.059521 164.2182092 164.2182092 1169.673189 1513.335959 0.231699386 343.6623902 512.4688105 1.885145666 -1843.381424
0.775 921.7856904 254.0991978 163.4228281 163.4228281 1172.659952 1517.270823 0.232115091 344.6104928 513.4830143 1.880108735 -1849.513941
0.78 929.3818529 257.1478348 162.6375172 162.6375172 1175.63746 1521.191907 0.2325268039 345.5540695 514.4929287 1.87514475 -1855.625112
0.785 936.9975866 260.2053473 161.8620755 161.8620755 1178.605723 1525.099279 0.2329345996 346.4931793 515.4985964 1.870252338 -1861.715193
0.79 944.632823 263.2716527 161.0963071 161.0963071 1181.564752 1528.993007 0.2333385507 347.4278799 516.5000596 1.865430153 -1867.784437
0.795 952.2874941 266.3466698 160.3400215 160.3400215 1184.51456 1532.873162 0.2337387283 348.3582275 517.4973599 1.860676877 -1873.833091
0.8 959.9615321 269.4303191 159.5930332 159.5930332 1187.455163 1536.739814 0.2341352013 349.2842775 518.4905382 1.85599122 -1879.861399
0.805 967.6548698 272.5225228 158.8551612 158.8551612 1190.386578 1540.593034 0.2345280367 350.2060838 519.4796349 1.851371919 -1885.869601
0.81 975.3674402 275.6232047 158.1262295 158.1262295 1193.308824 1544.432895 0.2349172999 351.1236993 520.4646896 1.846817736 -1891.857933
0.815 983.0991766 278.7322901 157.4060665 157.4060665 1196.221922 1548.259468 0.2353030546 352.0371758 521.4457415 1.842327461 -1897.826626
0.82 990.8500128 281.8497056 156.694505 156.694505 1199.125894 1552.072827 0.2356853626 352.9465639 522.4228291 1.837899907 -1903.775909
0.825 998.619883 284.9753795 155.9913821 155.9913821 1202.020763 1555.873045 0.2360642845 353.8519133 523.3959905 1.833533916 -1909.706006
0.83 1006.408722 288.1092415 155.2965389 155.2965389 1204.906556 1559.660196 0.2364398789 354.7532726 524.365263 1.82922835 -1915.617136
0.835 1014.216463 291.2512224 154.6098206 154.6098206 1207.783298 1563.434354 0.2368122031 355.6506894 525.3306837 1.824982099 -1921.509515
0.84 1022.043044 294.4012546 153.9310761 153.9310761 1210.651016 1567.195593 0.2371813131 356.5442104 526.2922888 1.820794072 -1927.383358
0.845 1029.888398 297.5592717 153.2601583 153.2601583 1213.509741 1570.943988 0.2375472632 357.4338813 527.2501142 1.816663207 -1933.238872
0.85 1037.752462 300.7252086 152.5969236 152.5969236 1216.359501 1574.679613 0.2379101065 358.3197469 528.2041953 1.812588458 -1939.076263
0.855 1045.635173 303.8990013 151.9412318 151.9412318 1219.200328 1578.402543 0.2382698947 359.2018512 529.1545668 1.808568807 -1944.895734
0.86 1053.536467 307.0805873 151.2929465 151.2929465 1222.032254 1582.112853 0.2386266783 360.0802372 530.1012632 1.804603255 -1950.697482
0.865 1061.45628 310.269905 150.6519341 150.6519341 1224.85531 1585.810619 0.2389805066 360.9549472 531.0443182 1.800690822 -1956.481702
0.87 1069.394552 313.466894 150.0180647 150.0180647 1227.669531 1589.495915 0.2393314275 361.8260226 531.9837653 1.796830554 -1962.248587
0.875 1077.351219 316.6714949 149.3912112 149.3912112 1230.474952 1593.168816 0.2396794879 362.6935041 532.9196374 1.793021513 -1967.998325
0.88 1085.32622 319.8836497 148.7712497 148.7712497 1233.271606 1596.829397 0.2400247335 363.5574314 533.8519669 1.789262783 -1973.731101
0.885 1093.319492 323.1033012 148.1580591 148.1580591 1236.059531 1600.477733 0.2403672091 364.4178438 534.7807858 1.785553465 -1979.447098
0.89 1101.330977 326.3303933 147.5515213 147.5515213 1238.838762 1604.113899 0.2407069581 365.2747796 535.7061258 1.781892683 -1985.146493
0.895 1109.360611 329.5648708 146.9515209 146.9515209 1241.609336 1607.737969 0.2410440232 366.1282765 536.6280179 1.778279576 -1990.829463
0.9 1117.408336 332.8066797 146.3579453 146.3579453 1244.371291 1611.350018 0.2413784458 366.9783714 537.5464929 1.774713303 -1996.496182
0.905 1125.474092 336.0557667 145.7706843 145.7706843 1247.124664 1614.95012 0.2417102666 367.8251006 538.4615811 1.77119304 -2002.146818
0.91 1133.557818 339.3120795 145.1896304 145.1896304 1249.869494 1618.538349 0.2420395252 368.6684999 539.3733123 1.767717981 -2007.78154
0.915 1141.659455 342.5755669 144.6146785 144.6146785 1252.605821 1622.114778 0.2423662603 369.5086042 540.2817161 1.764287337 -2013.400511
0.92 1149.778946 345.8461784 144.0457261 144.0457261 1255.333683 1625.679483 0.2426905099 370.3454478 541.1868215 1.760900334 -2019.003893
0.925 1157.916231 349.1238643 143.4826726 143.4826726 1258.053119 1629.232535 0.2430123109 371.1790646 542.0886572 1.757556215 -2024.591845
0.93 1166.071252 352.408576 142.9254202 142.9254202 1260.76417 1632.774009 0.2433316995 372.0094877 542.9872516 1.754254241 -2030.164523
0.935 1174.243952 355.7002654 142.3738728 142.3738728 1263.466876 1636.303975 0.2436487111 372.8367498 543.8826326 1.750993686 -2035.72208
0.94 1182.434273 358.9988854 141.8279368 141.8279368 1266.161276 1639.822509 0.2439633802 373.6608828 544.7748278 1.74777384 -2041.264667
0.945 1190.642158 362.3043897 141.2875205 141.2875205 1268.847413 1643.32968 0.2442757406 374.4819182 545.6638644 1.744594008 -2046.792434
0.95 1198.867551 365.6167326 140.7525343 140.7525343 1271.525326 1646.825561 0.2445858255 375.299887 546.5497692 1.741453508 -2052.305525
0.955 1207.110395 368.9358694 140.2228905 140.2228905 1274.195058 1650.310224 0.2448936671 376.1148195 547.4325689 1.738351673 -2057.804085
0.96 1215.370634 372.2617559 139.6985034 139.6985034 1276.856648 1653.78374 0.2451992972 376.9267458 548.3122895 1.735287852 -2063.288254
0.965 1223.648214 375.5943486 139.1792892 139.1792892 1279.510138 1657.246179 0.2455027467 377.7356951 549.1889568 1.732261404 -2068.758172
0.97 1231.943078 378.933605 138.6651657 138.6651657 1282.15557 1660.697611 0.245804046 378.5416965 550.0625964 1.729271703 -2074.213975
0.975 1240.255172 382.2794828 138.1560527 138.1560527 1284.792985 1664.138107 0.2461032247 379.3447783 550.9332335 1.726318136 -2079.655797
0.98 1248.584441 385.6319408 137.6518716 137.6518716 1287.422424 1667.567736 0.2464003119 380.1449684 551.8008929 1.723400101 -2085.083771
0.985 1256.930831 388.9909383 137.1525455 137.1525455 1290.04393 1670.986568 0.246695336 380.9422946 552.6655991 1.72051701 -2090.498027
0.99 1265.294288 392.3564351 136.657999 136.657999 1292.657545 1674.39467 0.2469883248 381.7367837 553.5273764 1.717668286 -2095.898693
0.995 1273.67476 395.7283918 136.1681586 136.1681586 1295.263308 1677.792112 0.2472793058 382.5284624 554.3862487 1.714853365 -2101.285894
1 1282.072192 399.1067695 135.682952 135.682952 1297.861264 1681.178961 0.2475683055 383.317357 555.2422396 1.712071693 -2106.659755
1.005 1290.486532 402.4915299 135.2023086 135.2023086 1300.451452 1684.555285 0.2478553503 384.1034933 556.0953724 1.709322728 -2112.020398
1.01 1298.917727 405.8826353 134.7261592 134.7261592 1303.033915 1687.921151 0.2481404656 384.8868966 556.9456702 1.706605937 -2117.367942
1.015 1307.365726 409.2800487 134.2544361 134.2544361 1305.608695 1691.276625 0.2484236767 385.6675919 557.7931558 1.703920802 -2122.702505
1.02 1315.830476 412.6837334 133.7870728 133.7870728 1308.175833 1694.621774 0.2487050082 386.4456038 558.6378516 1.701266811 -2128.024205
1.025 1324.311927 416.0936533 133.3240044 133.3240044 1310.73537 1697.956664 0.2489844843 387.2209567 559.4797798 1.698643464 -2133.333154
1.03 1332.810026 419.5097731 132.8651671 132.8651671 1313.287348 1701.281358 0.2492621286 387.9936742 560.3189623 1.696050271 -2138.629467
1.035 1341.324723 422.9320576 132.4104986 132.4104986 1315.831808 1704.595924 0.2495379643 388.76378 561.1554208 1.693486753 -2143.913253
1.04 1349.855969 426.3604724 131.9599377 131.9599377 1318.368792 1707.900424 0.2498120142 389.5312971 561.9891767 1.690952437 -2149.184622
1.045 1358.403711 429.7949836 131.5134245 131.5134245 1320.89834 1711.194923 0.2500843006 390.2962485 562.8202512 1.688446863 -2154.443681
1.05 1366.967901 433.2355575 131.0709001 131.0709001 1323.420494 1714.479484 0.2503548454 391.0586564 563.648665 1.685969578 -2159.690537
1.055 1375.548489 436.6821613 130.6323071 130.6323071 1325.935295 1717.754171 0.2506236701 391.818543 564.4744389 1.683520139 -2164.925293
1.06 1384.145427 440.1347623 130.197589 130.197589 1328.442783 1721.019046 0.2508907958 392.5759302 565.2975933 1.68109811 -2170.148052
1.065 1392.758664 443.5933284 129.7666904 129.7666904 1330.943 1724.274171 0.251156243 393.3308394 566.1181482 1.678703065 -2175.358914
1.07 1401.388152 447.057828 129.3395571 129.3395571 1333.435985 1727.519608 0.2514200322 394.0832917 566.9361236 1.676334587 -2180.557981
1.075 1410.033844 450.5282298 128.9161358 128.9161358 1335.921778 1730.755417 0.2516821832 394.8333081 567.7515391 1.673992265 -2185.745349
1.08 1418.69569 454.0045031 128.4963744 128.4963744 1338.400422 1733.981661 0.2519427155 395.580909 568.5644143 1.671675696 -2190.921115
1.085 1427.373644 457.4866175 128.0802217 128.0802217 1340.871954 1737.198398 0.2522016483 396.3261148 569.3747682 1.669384487 -2196.085375
1.09 1436.067659 460.974543 127.6676275 127.6676275 1343.336415 1740.40569 0.2524590005 397.0689454 570.18262 1.667118251 -2201.238222
1.095 1444.777686 464.46825 127.2585425 127.2585425 1345.793845 1743.603594 0.2527147905 397.8094206 570.9879883 1.664876608 -2206.379748
1.1 1453.503679 467.9677094 126.8529184 126.8529184 1348.244284 1746.792171 0.2529690366 398.5475597 571.7908918 1.662659187 -2211.510044
1.105 1462.245592 471.4728925 126.4507078 126.4507078 1350.68777 1749.971479 0.2532217564 399.2833819 572.5913486 1.660465622 -2216.629201
1.11 1471.003378 474.9837707 126.0518642 126.0518642 1353.124343 1753.141576 0.2534729677 400.016906 573.3893771 1.658295554 -2221.737307
1.115 1479.776992 478.5003161 125.6563418 125.6563418 1355.554042 1756.302519 0.2537226875 400.7481508 574.1849951 1.656148634 -2226.834448
1.12 1488.566388 482.022501 125.264096 125.264096 1357.976906 1759.454366 0.2539709327 401.4771346 574.9782202 1.654024515 -2231.92071
1.125 1497.371521 485.5502981 124.8750827 124.8750827 1360.392973 1762.597173 0.25421772 402.2038754 575.7690701 1.651922859 -2236.996179
1.13 1506.192345 489.0836805 124.4892587 124.4892587 1362.802281 1765.730996 0.2544630657 402.9283912 576.557562 1.649843335 -2242.060937
1.135 1515.028816 492.6226214 124.1065817 124.1065817 1365.204869 1768.855892 0.2547069858 403.6506997 577.3437131 1.647785616 -2247.115066
1.14 1523.880889 496.1670947 123.7270101 123.7270101 1367.600775 1771.971916 0.2549494961 404.3708182 578.1275402 1.645749383 -2252.158649
1.145 1532.748521 499.7170743 123.3505029 123.3505029 1369.990036 1775.079122 0.2551906121 405.0887638 578.9090602 1.643734323 -2257.191765
1.15 1541.631666 503.2725347 122.97702 122.97702 1372.372691 1778.177566 0.255430349 405.8045536 579.6882896 1.641740126 -2262.214492
1.155 1550.530282 506.8334506 122.6065222 122.6065222 1374.748775 1781.267301 0.2556687217 406.5182042 580.4652447 1.63976649 -2267.226908
1.16 1559.444325 510.3997969 122.2389705 122.2389705 1377.118328 1784.348381 0.2559057451 407.2297322 581.2399417 1.63781312 -2272.22909
1.165 1568.373751 513.9715489 121.8743271 121.8743271 1379.481385 1787.420858 0.2561414335 407.9391538 582.0123966 1.635879722 -2277.221114
1.17 1577.318519 517.5486823 121.5125546 121.5125546 1381.837983 1790.484787 0.2563758013 408.6464851 582.7826253 1.633966011 -2282.203054
1.175 1586.278585 521.131173 121.1536163 121.1536163 1384.188158 1793.54022 0.2566088624 409.3517421 583.5506435 1.632071707 -2287.174983
1.18 1595.253907 524.7189971 120.7974762 120.7974762 1386.531948 1796.587207 0.2568406306 410.0549403 584.3164665 1.630196532 -2292.136975
1.185 1604.244443 528.3121311 120.4440988 120.4440988 1388.869388 1799.625801 0.2570711195 410.7560952 585.0801098 1.628340217 -2297.089101
1.19 1613.250151 531.9105519 120.0934494 120.0934494 1391.200513 1802.656053 0.2573003423 411.4552222 585.8415885 1.626502495 -2302.031431
1.195 1622.27099 535.5142363 119.7454937 119.7454937 1393.52536 1805.678013 0.2575283123 412.1523363 586.6009175 1.624683105 -2306.964035
1.2 1631.306918 539.1231617 119.4001982 119.4001982 1395.843964 1808.691733 0.2577550422 412.8474523 587.3581118 1.62288179 -2311.886982
