# nB[fm-3], eps[MeVfm-3], p[MeVfm-3], M*_p[MeV], M*_n[MeV], chempo_p[MeV], chempo_n[MeV], xp[], kF_p[MeV], kF_n[MeV], gamma_fixYp[], dchempo_delta_dYp[MeV]
0.005 4.704624835 0.004329187173 922.6999457 922.6999457 931.8901138 941.7908044 0.0008497836926 9.887494828 104.3583172 1.324541872 nan
0.01 9.416001678 0.011042193 906.8653128 906.8653128 925.3113776 942.7043871 0.002309836561 17.38550142 131.4191641 1.455706713 nan
0.015 14.1314359 0.02051180616 891.4408483 891.4408483 919.1964893 943.4631801 0.004184764954 24.26130998 150.3430923 1.699603927 nan
0.02 18.85064251 0.03384270028 876.3871798 876.3871798 913.4992582 944.2242607 0.00637213779 30.72075289 165.3527375 1.9239293 nan
0.025 23.57373967 0.05178864234 861.6722981 861.6722981 908.1817102 945.0211325 0.008788052889 36.83587811 177.9763582 2.084464125 nan
0.03 28.30091572 0.07473081263 847.2693231 847.2693231 903.2115159 945.8548844 0.01135950212 42.64030681 188.9644121 2.184042889 -1710.004965
0.035 33.03233695 0.1027820387 833.1553384 833.1553384 898.5608511 946.7176855 0.01402335675 48.15412317 198.7490344 2.238767383 -1431.56512
0.04 37.76812625 0.1359040949 819.3106347 819.3106347 894.2056858 947.6007585 0.01672643846 53.39262746 207.6052131 2.2644596 -1299.715593
0.045 42.50836669 0.1740080517 805.7181646 805.7181646 890.1252366 948.4972165 0.01942542024 58.36974319 215.7203842 2.27342078 -1218.356598
0.05 47.25311358 0.2170298126 792.3631264 792.3631264 886.3014972 949.4028679 0.02208631398 63.0993016 223.2288455 2.274504512 -1163.197019
0.055 52.00240799 0.2649813259 779.2326357 779.2326357 882.7188224 950.3161695 0.02468360727 67.59541563 230.2305096 2.273865802 -1124.103076
0.06 56.75628913 0.3179812569 766.3154609 766.3154609 879.3635576 951.2378397 0.02719918997 71.87246563 236.8019067 2.275654524 -1095.80571
0.065 61.51480442 0.3762698379 753.6018064 753.6018064 876.2237165 952.1703733 0.02962120498 75.94493761 243.0030298 2.282530399 -1075.188332
0.07 66.27801724 0.4402123951 741.0831335 741.0831335 873.2887046 953.1175663 0.0319429238 79.82722619 248.8817995 2.296029324 -1060.244371
0.075 71.0460123 0.5102953455 728.7520115 728.7520115 870.5490874 954.0841019 0.03416171024 83.53345151 254.4770945 2.316830708 -1049.602428
0.08 75.8188992 0.5871176163 716.6019915 716.6019915 867.9964021 955.0752102 0.03627810522 87.07730874 259.8208751 2.344963996 -1042.283012
0.085 80.59681453 0.6713796629 704.6275008 704.6275008 865.6230056 956.0964023 0.03829504358 90.47195358 264.9397143 2.379977921 -1037.562651
0.09 85.37992269 0.7638716038 692.8237513 692.8237513 863.4219561 957.1532699 0.04021720002 93.72992089 269.8559269 2.421084732 -1034.892795
0.095 90.16841591 0.8654614803 681.1866617 681.1866617 861.3869223 958.251341 0.04205045346 96.86307082 274.5884196 2.46728434 -1033.84883
0.1 94.96251372 0.9770842633 669.7127889 669.7127889 859.5121158 959.3959799 0.04380145565 99.88255694 279.1533408 2.517469434 -1034.096645
0.105 99.7624619 1.099731951 658.3992684 658.3992684 857.7922413 960.5923224 0.04547728878 102.7988111 283.5645864 2.570511121 -1035.369955
0.11 104.5685313 1.234444904 647.2437605 647.2437605 856.222461 961.8452378 0.04708519777 105.6215407 287.8341966 2.625324752 -1037.454445
0.115 109.3810162 1.38230442 636.2444031 636.2444031 854.7983693 963.1593099 0.04863238409 108.3597357 291.9726725 2.680916483 -1040.176405
0.12 114.2002335 1.544426471 625.399767 625.399767 853.5159749 964.5388327 0.05012584986 111.0216818 295.9892298 2.736412203 -1043.3944
0.125 119.0265203 1.721956447 614.708816 614.708816 852.3716861 965.9878142 0.05157228255 113.614979 299.8920046 2.791071371 -1046.993027
0.13 123.8602336 1.916064735 604.1708686 604.1708686 851.3622994 967.5099871 0.05297797228 116.1465636 303.6882214 2.844288872 -1050.878156
0.135 128.701748 2.127942921 593.7855623 593.7855623 850.4849875 969.1088215 0.05434875523 118.6227334 307.3843314 2.895588099 -1054.973218
0.14 133.551455 2.358800428 583.5528184 583.5528184 849.7372859 970.7875385 0.05568997771 121.049174 310.9861266 2.94460829 -1059.216275
0.145 138.4097615 2.609861384 573.4728091 573.4728091 849.117078 972.5491233 0.05700647647 123.4309876 314.498835 2.991088733 -1063.557653
0.15 143.2770889 2.882361537 563.5459237 563.5459237 848.622576 974.3963364 0.05830257193 125.7727223 317.9271997 3.034851883 -1067.958017
0.155 148.1538718 3.177545084 553.7727369 553.7727369 848.2523001 976.331722 0.05958207136 128.0784025 321.2755456 3.075786913 -1072.386759
0.16 153.040557 3.496661248 544.1539762 544.1539762 848.0050525 978.357614 0.0608482797 130.3515599 324.5478357 3.113834676 -1076.820662
0.165 157.9376024 3.840960542 534.6904902 534.6904902 847.8798895 980.4761388 0.06210401647 132.5952647 327.7477184 3.148974675 -1081.242745
0.17 162.845476 4.211690627 525.3832167 525.3832167 847.8760897 982.6892153 0.06335163705 134.8121572 330.8785675 3.181214258 -1085.641287
0.175 167.764655 4.610091741 516.2331518 516.2331518 847.9931201 984.9985526 0.0645930574 137.0044795 333.9435166 3.210580054 -1090.008978
0.18 172.6956244 5.037391698 507.241319 507.241319 848.2306004 987.4056452 0.06582978126 139.1741068 336.9454876 3.237111494 -1094.342179
0.185 177.6388765 5.494800479 498.4087386 498.4087386 848.5882651 989.9117673 0.06706292905 141.3225784 339.8872159 3.260856159 -1098.640274
0.19 182.5949089 5.983504474 489.7363991 489.7363991 849.0659266 992.5179652 0.06829326807 143.4511285 342.7712712 3.281866673 -1102.905112
0.195 187.5642243 6.504660462 481.2252284 481.2252284 849.6634367 995.22505 0.06952124333 145.5607164 345.6000751 3.300198824 -1107.140501
0.2 192.5473285 7.0593894 472.8760675 472.8760675 850.3806502 998.0335896 0.07074700881 147.6520552 348.3759169 3.315910631 -1111.35178
0.205 197.5447298 7.648770173 464.689645 464.689645 851.2173895 1000.943902 0.07197045869 149.7256409 351.100966 3.329062088 -1115.545432
0.21 202.5569373 8.273833392 456.6665544 456.6665544 852.1734113 1003.956051 0.07319125838 151.7817794 353.7772831 3.339715353 -1119.728752
0.215 207.5844597 8.935555382 448.8072331 448.8072331 853.2483765 1007.069838 0.07440887493 153.8206125 356.4068296 3.347935205 -1123.909553
0.22 212.6278043 9.634852486 441.1119437 441.1119437 854.4418228 1010.284804 0.07562260681 155.8421431 358.9914753 3.353789599 -1128.095915
0.225 217.6874752 10.37257579 433.5807589 433.5807589 855.7531409 1013.600227 0.0768316126 157.8462587 361.5330051 3.357350212 -1132.295968
0.23 222.7639724 11.14950641 426.2135483 426.2135483 857.1815554 1017.015125 0.07803493855 159.832753 364.0331247 3.358692899 -1136.517705
0.235 227.8577902 11.96635137 419.0099685 419.0099685 858.7261084 1020.528262 0.07923154475 161.8013468 366.4934651 3.357897997 -1140.76883
0.24 232.9694163 12.82374023 411.9694565 411.9694565 860.3856485 1024.138152 0.08042032972 163.7517063 368.9155868 3.355050449 -1145.056626
0.245 238.0993301 13.72222246 405.0912255 405.0912255 862.1588233 1027.843072 0.0816001533 165.6834605 371.3009832 3.350239746 -1149.387851
0.25 243.2480021 14.66226561 398.3742643 398.3742643 864.0440758 1031.641071 0.08276985769 167.5962162 373.6510835 3.343559673 -1153.768662
0.255 248.4158924 15.64425432 391.8173391 391.8173391 866.0396449 1035.529987 0.08392828656 169.4895719 375.967255 3.335107896 -1158.204549
0.26 253.6034496 16.66849013 385.4189977 385.4189977 868.1435693 1039.507461 0.08507430209 171.3631294 378.2508056 3.324985408 -1162.700299
0.265 258.8111104 17.73519208 379.177577 379.177577 870.3536946 1043.570953 0.08620680002 173.2165043 380.5029857 3.313295851 -1167.259967
0.27 264.039298 18.84449805 373.0912116 373.0912116 872.6676832 1047.717763 0.08732472254 175.0493342 382.7249901 3.300144775 -1171.886871
0.275 269.2884221 19.99646681 367.1578452 367.1578452 875.0830264 1051.945051 0.08842706925 176.8612861 384.9179596 3.285638832 -1176.583591
0.28 274.5588777 21.19108071 361.3752428 361.3752428 877.5970588 1056.249852 0.089512906 178.6520619 387.0829826 3.269884968 -1181.351992
0.285 279.8510447 22.42824885 355.7410048 355.7410048 880.2069739 1060.6291 0.09058137195 180.4214027 389.2210969 3.25298961 -1186.193242
0.29 285.1652876 23.70781083 350.252582 350.252582 882.909841 1065.07965 0.09163168475 182.1690919 391.3332911 3.2350579 -1191.107852
0.295 290.5019547 25.0295408 344.9072906 344.9072906 885.7026229 1069.59829 0.09266314409 183.894957 393.4205064 3.216192971 -1196.095712
0.3 295.8613785 26.39315182 339.7023287 339.7023287 888.5821937 1074.181768 0.09367513377 185.5988706 395.4836379 3.196495299 -1201.156139
0.305 301.243875 27.79830046 334.6347921 334.6347921 891.5453568 1078.826805 0.09466712226 187.2807509 397.5235366 3.176062122 -1206.287927
0.31 306.6497437 29.24459155 329.7016901 329.7016901 894.5888623 1083.530114 0.09563866224 188.9405604 399.5410109 3.154986957 -1211.489394
0.315 312.0792678 30.73158294 324.8999614 324.8999614 897.7094244 1088.288415 0.09658938898 190.5783055 401.5368281 3.133359187 -1216.758441
0.32 317.5327141 32.25879032 320.2264893 320.2264893 900.9037377 1093.098451 0.09751901785 192.1940341 403.5117163 3.11126375 -1222.0926
0.325 323.0103331 33.8256919 315.6781158 315.6781158 904.1684925 1097.957 0.09842734112 193.7878339 405.4663662 3.088780899 -1227.489087
0.33 328.5123596 35.43173311 311.2516559 311.2516559 907.5003889 1102.860887 0.09931422418 195.3598299 407.4014324 3.065986046 -1232.944854
0.335 334.0390124 37.07633099 306.9439101 306.9439101 910.8961506 1107.806995 0.1001796013 196.9101814 409.3175357 3.042949678 -1238.456637
0.34 339.5904949 38.75887847 302.7516768 302.7516768 914.3525366 1112.792275 0.1010234712 198.43908 411.215264 3.019737336 -1244.021001
0.345 345.1669954 40.47874849 298.6717628 298.6717628 917.8663516 1117.813751 0.1018458919 199.9467459 413.0951748 2.996409647 -1249.634383
0.35 350.7686879 42.23529771 294.7009937 294.7009937 921.4344563 1122.86853 0.1026469764 201.4334258 414.9577963 2.973022414 -1255.293131
0.355 356.3957316 44.02787017 290.836223 290.836223 925.0537751 1127.953808 0.1034268874 202.8993892 416.8036289 2.949626738 -1260.993541
0.36 362.0482722 45.85580054 287.0743398 287.0743398 928.7213035 1133.066869 0.1041858325 204.3449264 418.6331473 2.92626918 -1266.731889
0.365 367.7264422 47.71841717 283.4122766 283.4122766 932.434114 1138.205094 0.1049240597 205.7703456 420.4468015 2.90299194 -1272.504459
0.37 373.4303609 49.61504485 279.8470148 279.8470148 936.1893613 1143.365962 0.1056418524 207.17597 422.2450181 2.87983307 -1278.307571
0.375 379.1601355 51.54500739 276.3755905 276.3755905 939.9842861 1148.547048 0.1063395253 208.5621357 424.0282026 2.856826685 -1284.1376
0.38 384.9158612 53.5076298 272.9950991 272.9950991 943.8162178 1153.746029 0.1070174203 209.9291892 425.7967394 2.834003199 -1289.990999
0.385 390.6976219 55.50224038 269.7026987 269.7026987 947.6825776 1158.960681 0.1076759022 211.2774857 427.5509942 2.811389548 -1295.86431
0.39 396.5054906 57.52817251 266.4956137 266.4956137 951.5808791 1164.18888 0.1083153555 212.6073866 429.2913146 2.789009434 -1301.754182
0.395 402.3395299 59.5847662 263.3711369 263.3711369 955.5087294 1169.428598 0.1089361805 213.919258 431.0180313 2.766883545 -1307.65738
0.4 408.1997925 61.67136949 260.3266313 260.3266313 959.4638295 1174.677905 0.1095387905 215.213469 432.7314592 2.745029792 -1313.570793
0.405 414.0863219 63.78733967 257.3595316 257.3595316 963.4439735 1179.934967 0.110123609 216.4903902 434.4318987 2.723463518 -1319.49144
0.41 419.9991522 65.93204423 254.4673451 254.4673451 967.4470481 1185.19804 0.1106910665 217.7503925 436.1196359 2.702197719 -1325.416478
0.415 425.9383095 68.10486179 251.647652 251.647652 971.4710313 1190.465473 0.1112415988 218.9938455 437.7949445 2.681243237 -1331.343198
0.42 431.9038116 70.30518275 248.8981053 248.8981053 975.5139909 1195.735701 0.1117756445 220.2211171 439.4580857 2.660608956 -1337.269034
0.425 437.8956687 72.5324099 246.2164308 246.2164308 979.5740823 1201.007244 0.1122936432 221.4325719 441.1093095 2.640301981 -1343.191558
0.43 443.9138839 74.78595889 243.6004262 243.6004262 983.6495469 1206.278704 0.1127960336 222.6285708 442.7488553 2.620327809 -1349.108482
0.435 449.9584534 77.06525854 241.0479607 241.0479607 987.7387097 1211.548763 0.1132832523 223.8094701 444.3769526 2.600690483 -1355.017654
0.44 456.0293671 79.36975114 238.5569736 238.5569736 991.8399766 1216.816178 0.1137557323 224.975621 445.9938214 2.581392743 -1360.917057
0.445 462.1266088 81.69889257 236.1254731 236.1254731 995.951832 1222.079778 0.1142139017 226.1273691 447.5996731 2.562436161 -1366.804805
0.45 468.2501567 84.05215245 233.7515351 233.7515351 1000.072837 1227.338465 0.1146581831 227.2650538 449.194711 2.543821267 -1372.679137
0.455 474.3999836 86.42901412 231.4333017 231.4333017 1004.201624 1232.591204 0.1150889924 228.3890082 450.7791306 2.525547666 -1378.538419
0.46 480.5760572 88.82897461 229.1689795 229.1689795 1008.336898 1237.837026 0.1155067384 229.4995585 452.3531203 2.507614142 -1384.381133
0.465 486.7783408 91.25154461 226.956838 226.956838 1012.477432 1243.075022 0.1159118218 230.5970242 453.9168616 2.490018757 -1390.205875
0.47 493.006793 93.69624826 224.7952079 224.7952079 1016.622062 1248.304343 0.1163046351 231.6817175 455.4705296 2.472758941 -1396.011351
0.475 499.2613684 96.16262307 222.6824793 222.6824793 1020.769688 1253.524193 0.1166855618 232.7539432 457.0142936 2.45583157 -1401.796371
0.48 505.5420179 98.65021967 220.6170999 220.6170999 1024.919271 1258.733828 0.1170549767 233.8139993 458.548317 2.439233044 -1407.559843
0.485 511.8486885 101.1586016 218.5975734 218.5975734 1029.069825 1263.932557 0.1174132449 234.8621758 460.072758 2.422959348 -1413.300771
0.49 518.1813242 103.6873451 216.6224573 216.6224573 1033.220424 1269.119733 0.1177607222 235.8987559 461.5877698 2.407006117 -1419.018247
0.495 524.5398656 106.2360388 214.6903616 214.6903616 1037.37019 1274.294756 0.118097755 236.9240151 463.0935008 2.391368687 -1424.711448
0.5 530.9242506 108.8042835 212.7999466 212.7999466 1041.518298 1279.457068 0.1184246798 237.9382217 464.5900948 2.376042147 -1430.37963
0.505 537.3344142 111.3916917 210.9499213 210.9499213 1045.663967 1284.60615 0.1187418235 238.9416368 466.0776915 2.361021381 -1436.022124
0.51 543.7702892 113.9978878 209.139042 209.139042 1049.806465 1289.741524 0.1190495036 239.9345143 467.5564263 2.346301106 -1441.638334
0.515 550.2318059 116.622507 207.36611 207.36611 1053.9451 1294.862743 0.1193480278 240.9171012 469.0264312 2.331875911 -1447.227727
0.52 556.7188924 119.2651957 205.6299703 205.6299703 1058.079223 1299.9694 0.1196376948 241.8896375 470.487834 2.317740284 -1452.789834
0.525 563.231475 121.9256111 203.92951 203.92951 1062.208223 1305.061116 0.1199187935 242.8523563 471.9407595 2.303888644 -1458.324245
0.53 569.7694781 124.6034204 202.2636568 202.2636568 1066.331525 1310.137544 0.1201916039 243.8054842 473.3853289 2.290315361 -1463.830602
0.535 576.3328244 127.2983011 200.6313771 200.6313771 1070.448591 1315.198365 0.1204563972 244.7492413 474.8216604 2.277014784 -1469.308599
0.54 582.9214352 130.0099403 199.0316748 199.0316748 1074.558915 1320.243288 0.1207134354 245.6838412 476.2498691 2.263981254 -1474.757979
0.545 589.5352304 132.7380344 197.4635901 197.4635901 1078.662025 1325.272045 0.1209629722 246.6094914 477.6700673 2.251209124 -1480.178527
0.55 596.1741283 135.4822893 195.9261974 195.9261974 1082.757475 1330.284396 0.1212052527 247.5263934 479.0823644 2.238692776 -1485.570069
0.555 602.8380466 138.2424194 194.4186047 194.4186047 1086.844851 1335.280119 0.1214405139 248.4347426 480.4868674 2.226426628 -1490.932471
0.56 609.5269015 141.0181479 192.9399518 192.9399518 1090.923764 1340.259017 0.1216689849 249.334729 481.8836806 2.214405151 -1496.265631
0.565 616.2406084 143.8092061 191.4894094 191.4894094 1094.993852 1345.220911 0.1218908867 250.2265367 483.272906 2.202622876 -1501.569483
0.57 622.979082 146.6153334 190.0661776 190.0661776 1099.054777 1350.165641 0.1221064331 251.1103445 484.6546431 2.191074401 -1506.84399
0.575 629.742236 149.436277 188.6694849 188.6694849 1103.106222 1355.093066 0.1223158305 251.9863261 486.0289893 2.179754402 -1512.089142
0.58 636.5299836 152.2717915 187.2985871 187.2985871 1107.147894 1360.00306 0.1225192781 252.8546499 487.3960398 2.168657634 -1517.304955
0.585 643.3422374 155.1216387 185.9527661 185.9527661 1111.179521 1364.895515 0.1227169681 253.7154794 488.7558878 2.15777894 -1522.49147
0.59 650.1789093 157.9855876 184.6313289 184.6313289 1115.200848 1369.770334 0.1229090864 254.5689733 490.1086244 2.147113253 -1527.648748
0.595 657.0399112 160.8634137 183.3336068 183.3336068 1119.21164 1374.627437 0.123095812 255.4152857 491.4543388 2.136655599 -1532.776872
0.6 663.9251541 163.7548992 182.0589542 182.0589542 1123.21168 1379.466755 0.1232773181 256.2545663 492.7931185 2.126401102 -1537.87594
0.605 670.834549 166.6598325 180.8067478 180.8067478 1127.200766 1384.288234 0.1234537714 257.0869602 494.1250489 2.116344982 -1542.946071
0.61 677.7680066 169.5780082 179.5763857 179.5763857 1131.178713 1389.091828 0.1236253332 257.9126084 495.450214 2.10648256 -1547.987395
0.615 684.7254374 172.5092267 178.3672864 178.3672864 1135.14535 1393.877503 0.1237921588 258.7316478 496.7686958 2.096809257 -1553.000059
0.62 691.7067517 175.4532941 177.1788885 177.1788885 1139.100521 1398.645235 0.1239543984 259.5442115 498.0805749 2.087320595 -1557.98422
0.625 698.7118598 178.410022 176.0106493 176.0106493 1143.044081 1403.395011 0.1241121968 260.3504286 499.3859303 2.078012197 -1562.940049
0.63 705.7406719 181.3792273 174.8620444 174.8620444 1146.9759 1408.126824 0.1242656935 261.1504245 500.6848393 2.068879787 -1567.867725
0.635 712.7930981 184.360732 173.7325669 173.7325669 1150.895858 1412.840677 0.1244150236 261.9443211 501.977378 2.059919189 -1572.767439
0.64 719.8690488 187.354363 172.6217269 172.6217269 1154.803847 1417.536581 0.124560317 262.7322368 503.2636209 2.051126326 -1577.639386
0.645 726.9684341 190.359952 171.5290505 171.5290505 1158.69977 1422.214552 0.1247016995 263.5142867 504.543641 2.042497222 -1582.483773
0.65 734.0911644 193.3773354 170.4540794 170.4540794 1162.583539 1426.874615 0.1248392922 264.2905826 505.8175102 2.034027995 -1587.300811
0.655 741.2371504 196.406354 169.3963704 169.3963704 1166.455075 1431.516801 0.1249732121 265.0612333 507.0852988 2.025714862 -1592.090716
0.66 748.4063027 199.4468529 168.3554945 168.3554945 1170.314309 1436.141145 0.1251035721 265.8263444 508.3470761 2.017554133 -1596.853712
0.665 755.5985322 202.4986813 167.3310367 167.3310367 1174.161181 1440.747689 0.1252304813 266.5860186 509.60291 2.009542212 -1601.590026
0.67 762.81375 205.5616924 166.3225952 166.3225952 1177.995637 1445.336481 0.125354045 267.340356 510.8528672 2.001675594 -1606.299887
0.675 770.0518675 208.6357434 165.329781 165.329781 1181.817631 1449.907572 0.1254743647 268.0894537 512.0970132 1.993950865 -1610.98353
0.68 777.3127963 211.7206952 164.3522176 164.3522176 1185.627125 1454.461017 0.1255915385 268.8334062 513.3354124 1.986364696 -1615.641192
0.685 784.5964484 214.8164123 163.38954 163.38954 1189.424087 1458.996877 0.1257056612 269.5723056 514.5681281 1.978913848 -1620.273111
0.69 791.9027359 217.9227627 162.4413951 162.4413951 1193.208491 1463.515215 0.1258168244 270.3062414 515.7952225 1.971595163 -1624.879528
0.695 799.2315714 221.0396179 161.5074403 161.5074403 1196.980317 1468.0161 0.1259251163 271.0353006 517.0167566 1.964405569 -1629.460686
0.7 806.5828679 224.1668526 160.587344 160.587344 1200.739552 1472.499601 0.1260306223 271.7595683 518.2327905 1.957342072 -1634.016826
0.705 813.9565386 227.3043445 159.6807844 159.6807844 1204.486186 1476.965792 0.126133425 272.4791268 519.4433834 1.950401757 -1638.548194
0.71 821.3524971 230.4519746 158.7874499 158.7874499 1208.220214 1481.414749 0.126233604 273.1940567 520.6485933 1.943581787 -1643.055033
0.715 828.7706575 233.6096268 157.907038 157.907038 1211.941639 1485.846551 0.1263312362 273.9044362 521.8484772 1.936879398 -1647.537587
0.72 836.2109342 236.7771879 157.0392556 157.0392556 1215.650464 1490.261281 0.1264263961 274.6103416 523.0430913 1.930291901 -1651.996101
0.725 843.673242 239.9545473 156.1838182 156.1838182 1219.346698 1494.65902 0.1265191555 275.3118474 524.232491 1.923816677 -1656.430818
0.73 851.1574962 243.1415974 155.3404497 155.3404497 1223.030355 1499.039854 0.126609584 276.0090259 525.4167305 1.917451176 -1660.84198
0.735 858.6636125 246.3382328 154.5088824 154.5088824 1226.701452 1503.403871 0.1266977488 276.7019477 526.5958634 1.911192918 -1665.229831
0.74 866.191507 249.544351 153.6888564 153.6888564 1230.360007 1507.75116 0.1267837148 277.3906816 527.7699421 1.905039485 -1669.594611
0.745 873.7410963 252.7598517 152.8801191 152.8801191 1234.006045 1512.081809 0.1268675448 278.0752948 528.9390186 1.898988526 -1673.936559
0.75 881.3122975 255.9846371 152.0824256 152.0824256 1237.639592 1516.395913 0.1269492996 278.7558527 530.1031438 1.89303775 -1678.255914
0.755 888.905028 259.2186115 151.295538 151.295538 1241.260676 1520.693562 0.1270290379 279.432419 531.2623677 1.887184928 -1682.552913
0.76 896.5192059 262.4616815 150.5192249 150.5192249 1244.86933 1524.974852 0.1271068165 280.1050561 532.4167398 1.881427891 -1686.827791
0.765 904.1547495 265.7137561 149.7532618 149.7532618 1248.465587 1529.239876 0.1271826905 280.7738247 533.5663087 1.875764523 -1691.080781
0.77 911.8115777 268.9747459 148.9974304 148.9974304 1252.049484 1533.488732 0.127256713 281.4387841 534.7111222 1.870192769 -1695.312115
0.775 919.48961 272.2445639 148.2515187 148.2515187 1255.62106 1537.721515 0.1273289355 282.099992 535.8512274 1.864710624 -1699.522023
0.78 927.1887662 275.523125 147.5153204 147.5153204 1259.180355 1541.938322 0.1273994078 282.757505 536.9866708 1.859316137 -1703.710731
0.785 934.9089667 278.8103457 146.788635 146.788635 1262.727413 1546.139252 0.1274681781 283.4113783 538.1174979 1.854007409 -1707.878466
0.79 942.6501324 282.1061448 146.0712676 146.0712676 1266.262276 1550.324402 0.1275352932 284.0616655 539.2437539 1.848782589 -1712.025451
0.795 950.4121846 285.4104425 145.3630285 145.3630285 1269.784993 1554.493871 0.1276007983 284.7084194 540.3654829 1.843639875 -1716.151907
0.8 958.1950452 288.7231608 144.6637334 144.6637334 1273.295609 1558.647758 0.127664737 285.3516913 541.4827288 1.838577513 -1720.258052
0.805 965.9986364 292.0442236 143.9732027 143.9732027 1276.794174 1562.786162 0.1277271519 285.9915313 542.5955343 1.833593791 -1724.344103
0.81 973.8228811 295.3735563 143.2912618 143.2912618 1280.280738 1566.909182 0.1277880839 286.6279885 543.7039421 1.828687046 -1728.410274
0.815 981.6677027 298.7110857 142.6177406 142.6177406 1283.755353 1571.016918 0.1278475728 287.2611109 544.8079937 1.823855655 -1732.456777
0.82 989.533025 302.0567403 141.9524739 141.9524739 1287.218071 1575.10947 0.1279056572 287.8909452 545.9077303 1.819098037 -1736.483822
0.825 997.4187723 305.4104502 141.2953003 141.2953003 1290.668947 1579.186936 0.1279623744 288.5175373 547.0031925 1.814412651 -1740.491615
0.83 1005.324869 308.7721467 140.6460631 140.6460631 1294.108034 1583.249417 0.1280177606 289.1409319 548.0944202 1.809797998 -1744.48036
0.835 1013.251242 312.1417627 140.0046094 140.0046094 1297.535388 1587.297011 0.1280718509 289.7611728 549.1814528 1.805252614 -1748.45026
0.84 1021.197815 315.5192325 139.3707904 139.3707904 1300.951066 1591.329818 0.1281246793 290.3783029 550.2643291 1.800775073 -1752.401515
0.845 1029.164515 318.9044914 138.7444611 138.7444611 1304.355124 1595.347937 0.1281762787 290.9923641 551.3430873 1.796363988 -1756.334322
0.85 1037.15127 322.2974763 138.1254802 138.1254802 1307.747621 1599.351466 0.1282266811 291.6033973 552.4177652 1.792018003 -1760.248875
0.855 1045.158006 325.6981253 137.51371 137.51371 1311.128615 1603.340504 0.1282759175 292.2114427 553.4883998 1.787735798 -1764.145367
0.86 1053.184651 329.1063776 136.9090162 136.9090162 1314.498164 1607.31515 0.1283240179 292.8165395 554.555028 1.783516086 -1768.023987
0.865 1061.231134 332.5221738 136.3112679 136.3112679 1317.856329 1611.2755 0.1283710116 293.4187262 555.6176858 1.779357613 -1771.884924
0.87 1069.297382 335.9454554 135.7203376 135.7203376 1321.203168 1615.221653 0.1284169268 294.0180404 556.6764089 1.775259153 -1775.728361
0.875 1077.383327 339.3761652 135.1361008 135.1361008 1324.538743 1619.153705 0.128461791 294.6145189 557.7312324 1.771219514 -1779.554483
0.88 1085.488896 342.8142469 134.5584361 134.5584361 1327.863113 1623.071753 0.1285056308 295.2081979 558.7821909 1.767237531 -1783.363468
0.885 1093.614021 346.2596456 133.9872252 133.9872252 1331.17634 1626.975894 0.128548472 295.7991126 559.8293188 1.763312069 -1787.155495
0.89 1101.758632 349.7123071 133.4223524 133.4223524 1334.478485 1630.866224 0.1285903398 296.3872977 560.8726496 1.759442021 -1790.93074
0.895 1109.92266 353.1721783 132.8637052 132.8637052 1337.76961 1634.742836 0.1286312585 296.9727871 561.9122166 1.755626306 -1794.689375
0.9 1118.106038 356.6392071 132.3111735 132.3111735 1341.049775 1638.605827 0.1286712517 297.5556141 562.9480527 1.75186387 -1798.431571
0.905 1126.308696 360.1133425 131.7646499 131.7646499 1344.319042 1642.455291 0.1287103424 298.1358112 563.9801902 1.748153683 -1802.157497
0.91 1134.530568 363.5945341 131.2240296 131.2240296 1347.577474 1646.291321 0.128748553 298.7134103 565.0086611 1.744494742 -1805.867319
0.915 1142.771587 367.0827326 130.6892102 130.6892102 1350.825132 1650.11401 0.1287859051 299.2884427 566.0334968 1.740886067 -1809.561202
0.92 1151.031686 370.5778897 130.1600919 130.1600919 1354.062077 1653.923452 0.1288224197 299.8609391 567.0547284 1.737326702 -1813.239307
0.925 1159.3108 374.0799577 129.6365769 129.6365769 1357.288373 1657.719738 0.1288581172 300.4309297 568.0723867 1.733815712 -1816.901793
0.93 1167.608862 377.5888899 129.11857 129.11857 1360.504081 1661.502959 0.1288930176 300.9984438 569.0865019 1.730352187 -1820.548818
0.935 1175.925808 381.1046403 128.605978 128.605978 1363.709263 1665.273206 0.1289271401 301.5635105 570.0971039 1.726935237 -1824.180538
0.94 1184.261572 384.6271639 128.09871 128.09871 1366.90398 1669.03057 0.1289605035 302.1261582 571.1042221 1.723563991 -1827.797105
0.945 1192.616092 388.1564162 127.5966769 127.5966769 1370.088295 1672.775141 0.128993126 302.6864146 572.1078857 1.720237603 -1831.398671
0.95 1200.989303 391.6923537 127.0997919 127.0997919 1373.262269 1676.507007 0.1290250254 303.2443071 573.1081234 1.716955242 -1834.985384
0.955 1209.381141 395.2349335 126.6079701 126.6079701 1376.425964 1680.226256 0.1290562188 303.7998626 574.1049635 1.713716099 -1838.557392
0.96 1217.791544 398.7841134 126.1211283 126.1211283 1379.57944 1683.932977 0.129086723 304.3531073 575.0984341 1.710519385 -1842.114839
0.965 1226.22045 402.339852 125.6391855 125.6391855 1382.722761 1687.627256 0.1291165544 304.9040671 576.0885628 1.707364325 -1845.657869
0.97 1234.667796 405.9021084 125.1620622 125.1620622 1385.855985 1691.30918 0.1291457287 305.4527673 577.0753768 1.704250165 -1849.186621
0.975 1243.133521 409.4708427 124.6896808 124.6896808 1388.979175 1694.978835 0.1291742614 305.999233 578.0589031 1.701176167 -1852.701236
0.98 1251.617564 413.0460153 124.2219653 124.2219653 1392.092391 1698.636306 0.1292021674 306.5434884 579.0391684 1.698141611 -1856.201851
0.985 1260.119864 416.6275873 123.7588416 123.7588416 1395.195694 1702.281677 0.1292294614 307.0855576 580.0161987 1.695145792 -1859.6886
0.99 1268.640361 420.2155207 123.3002368 123.3002368 1398.289143 1705.915032 0.1292561575 307.6254643 580.9900202 1.692188021 -1863.161617
0.995 1277.178995 423.8097778 122.8460799 122.8460799 1401.3728 1709.536455 0.1292822695 308.1632316 581.9606585 1.689267626 -1866.621033
1 1285.735706 427.4103216 122.3963014 122.3963014 1404.446722 1713.146027 0.129307811 308.6988822 582.9281387 1.686383948 -1870.066979
1.005 1294.310435 431.0171157 121.9508332 121.9508332 1407.510971 1716.743832 0.1293327949 309.2324385 583.8924859 1.683536344 -1873.499582
1.01 1302.903125 434.6301242 121.5096085 121.5096085 1410.565605 1720.329949 0.129357234 309.7639225 584.8537248 1.680724185 -1876.918968
1.015 1311.513715 438.2493118 121.0725622 121.0725622 1413.610684 1723.90446 0.1293811406 310.2933558 585.8118798 1.677946855 -1880.325262
1.02 1320.14215 441.8746437 120.6396303 120.6396303 1416.646265 1727.467445 0.129404527 310.8207596 586.7669749 1.675203753 -1883.718587
1.025 1328.788371 445.5060856 120.2107504 120.2107504 1419.672408 1731.018982 0.1294274048 311.3461548 587.7190339 1.67249429 -1887.099063
1.03 1337.452321 449.1436039 119.7858612 119.7858612 1422.68917 1734.55915 0.1294497854 311.8695619 588.6680804 1.669817891 -1890.46681
1.035 1346.133944 452.7871653 119.3649028 119.3649028 1425.696609 1738.088028 0.1294716801 312.391001 589.6141375 1.667173993 -1893.821947
1.04 1354.833183 456.4367371 118.9478163 118.9478163 1428.694783 1741.605692 0.1294930996 312.9104921 590.5572281 1.664562043 -1897.164589
1.045 1363.549982 460.0922869 118.5345442 118.5345442 1431.683748 1745.112219 0.1295140545 313.4280545 591.497375 1.661981504 -1900.49485
1.05 1372.284286 463.753783 118.1250302 118.1250302 1434.663562 1748.607685 0.1295345553 313.9437075 592.4346006 1.659431848 -1903.812845
1.055 1381.03604 467.4211941 117.719219 117.719219 1437.63428 1752.092165 0.1295546118 314.45747 593.3689269 1.656912559 -1907.118684
1.06 1389.80519 471.0944893 117.3170565 117.3170565 1440.59596 1755.565735 0.1295742339 314.9693605 594.3003758 1.65442313 -1910.412478
1.065 1398.59168 474.7736382 116.9184897 116.9184897 1443.548656 1759.028468 0.1295934311 315.4793972 595.2289689 1.651963068 -1913.694334
1.07 1407.395456 478.4586106 116.5234665 116.5234665 1446.492425 1762.480437 0.1296122128 315.9875982 596.1547277 1.649531888 -1916.964362
1.075 1416.216466 482.1493771 116.131936 116.131936 1449.427321 1765.921715 0.1296305879 316.4939811 597.0776732 1.647129117 -1920.222665
1.08 1425.054656 485.8459084 115.7438482 115.7438482 1452.353399 1769.352374 0.1296485653 316.9985633 597.9978263 1.644754289 -1923.469349
1.085 1433.909972 489.5481758 115.3591541 115.3591541 1455.270714 1772.772487 0.1296661536 317.5013619 598.9152075 1.642406951 -1926.704516
1.09 1442.782363 493.2561509 114.9778058 114.9778058 1458.179319 1776.182123 0.1296833613 318.0023938 599.8298374 1.640086658 -1929.928268
1.095 1451.671776 496.9698057 114.5997561 114.5997561 1461.079268 1779.581353 0.1297001965 318.5016755 600.741736 1.637792974 -1933.140704
1.1 1460.57816 500.6891126 114.2249589 114.2249589 1463.970615 1782.970247 0.1297166671 318.9992235 601.6509232 1.635525472 -1936.341925
1.105 1469.501462 504.4140443 113.8533688 113.8533688 1466.853412 1786.348874 0.1297327811 319.4950537 602.5574188 1.633283733 -1939.532028
1.11 1478.441631 508.1445739 113.4849414 113.4849414 1469.727712 1789.717302 0.1297485459 319.9891821 603.4612422 1.631067348 -1942.711108
1.115 1487.398618 511.880675 113.1196331 113.1196331 1472.593567 1793.075599 0.129763969 320.4816242 604.3624128 1.628875916 -1945.879261
1.12 1496.372371 515.6223213 112.7574011 112.7574011 1475.45103 1796.423832 0.1297790576 320.9723954 605.2609494 1.626709044 -1949.03658
1.125 1505.362839 519.369487 112.3982035 112.3982035 1478.300151 1799.762068 0.1297938189 321.4615107 606.156871 1.624566346 -1952.183159
1.13 1514.369975 523.1221465 112.0419992 112.0419992 1481.140982 1803.090373 0.1298082595 321.9489851 607.0501961 1.622447445 -1955.319089
1.135 1523.393727 526.8802748 111.6887476 111.6887476 1483.973574 1806.408812 0.1298223864 322.4348334 607.9409432 1.62035197 -1958.444459
1.14 1532.434047 530.643847 111.3384091 111.3384091 1486.797976 1809.71745 0.129836206 322.9190698 608.8291304 1.618279559 -1961.55936
1.145 1541.490885 534.4128385 110.9909448 110.9909448 1489.61424 1813.016352 0.1298497247 323.4017087 609.7147758 1.616229857 -1964.663878
1.15 1550.564194 538.1872251 110.6463165 110.6463165 1492.422414 1816.305582 0.1298629488 323.8827642 610.5978972 1.614202515 -1967.7581
1.155 1559.653925 541.9669828 110.3044866 110.3044866 1495.222549 1819.585201 0.1298758844 324.36225 611.4785121 1.612197191 -1970.842113
1.16 1568.76003 545.7520881 109.9654184 109.9654184 1498.014693 1822.855274 0.1298885374 324.8401798 612.3566381 1.61021355 -1973.916
1.165 1577.882462 549.5425176 109.6290755 109.6290755 1500.798894 1826.115862 0.1299009136 325.316567 613.2322922 1.608251264 -1976.979846
1.17 1587.021173 553.3382482 109.2954226 109.2954226 1503.575201 1829.367027 0.1299130188 325.7914249 614.1054916 1.606310011 -1980.033733
1.175 1596.176116 557.1392572 108.9644247 108.9644247 1506.343662 1832.608829 0.1299248585 326.2647665 614.9762531 1.604389475 -1983.077741
1.18 1605.347246 560.945522 108.6360476 108.6360476 1509.104324 1835.841329 0.129936438 326.7366048 615.8445934 1.602489347 -1986.111952
1.185 1614.534514 564.7570205 108.3102576 108.3102576 1511.857235 1839.064586 0.1299477628 327.2069523 616.710529 1.600609321 -1989.136445
1.19 1623.737876 568.5737306 107.9870216 107.9870216 1514.602441 1842.278661 0.1299588378 327.6758217 617.5740762 1.598749101 -1992.151298
1.195 1632.957286 572.3956307 107.6663072 107.6663072 1517.339989 1845.483612 0.1299696683 328.1432252 618.4352511 1.596908394 -1995.156589
1.2 1642.192697 576.2226994 107.3480824 107.3480824 1520.069925 1848.679497 0.1299802591 328.609175 619.2940698 1.595086912 -1998.152394
