# nB[fm-3], eps[MeVfm-3], p[MeVfm-3], M*_p[MeV], M*_n[MeV], chempo_p[MeV], chempo_n[MeV], xp[], kF_p[MeV], kF_n[MeV], gamma_fixYp[], dchempo_delta_dYp[MeV]
1.393141641e-09 1.296271606e-06 4.506853562e-11 0 0 0 0 0 0 0 0 0
1.774037108e-09 1.650697545e-06 6.486055592e-11 0 0 0 0 0 0 0 0 0
2.259072278e-09 2.102033785e-06 9.372353711e-11 0 0 0 0 0 0 0 0 0
2.876719734e-09 2.676778137e-06 1.349376327e-10 0 0 0 0 0 0 0 0 0
3.663236677e-09 3.408675375e-06 1.93610726e-10 0 0 0 0 0 0 0 0 0
4.664793305e-09 4.340697921e-06 2.768651951e-10 0 0 0 0 0 0 0 0 0
5.940183094e-09 5.527569523e-06 3.94630681e-10 0 0 0 0 0 0 0 0 0
7.564274102e-09 7.038978965e-06 5.607233324e-10 0 0 0 0 0 0 0 0 0
9.632403881e-09 8.963672947e-06 7.943328843e-10 0 0 0 0 0 0 0 0 0
1.226597599e-08 1.141466834e-05 1.122071244e-09 0 0 0 0 0 0 0 0 0
1.561958665e-08 1.453589023e-05 1.58079304e-09 0 0 0 0 0 0 0 0 0
1.989009983e-08 1.851062574e-05 2.221476881e-09 0 0 0 0 0 0 0 0 0
2.532820364e-08 2.357229044e-05 3.114563241e-09 0 0 0 0 0 0 0 0 0
3.227437722e-08 3.003792136e-05 4.361268293e-09 0 0 0 0 0 0 0 0 0
4.129979439e-08 3.843936628e-05 6.130418733e-09 0 0 0 0 0 0 0 0 0
5.25914707e-08 4.895095643e-05 8.543516976e-09 0 0 0 0 0 0 0 0 0
6.953003727e-08 6.472031545e-05 1.250981068e-08 0 0 0 0 0 0 0 0 0
1.001849953e-07 9.326176273e-05 2.054008909e-08 0 0 0 0 0 0 0 0 0
1.275763312e-07 0.0001187668341 2.846870267e-08 0 0 0 0 0 0 0 0 0
1.624566655e-07 0.0001512477261 3.9409549e-08 0 0 0 0 0 0 0 0 0
2.068735472e-07 0.0001926126448 5.449334723e-08 0 0 0 0 0 0 0 0 0
2.634343404e-07 0.0002452918752 7.527104236e-08 0 0 0 0 0 0 0 0 0
3.354592825e-07 0.0003123643591 1.039337722e-07 0 0 0 0 0 0 0 0 0
4.26806532e-07 0.0003974558884 1.431180645e-07 0 0 0 0 0 0 0 0 0
5.429829627e-07 0.0005056886928 1.968785267e-07 0 0 0 0 0 0 0 0 0
6.907193824e-07 0.0006433406441 2.705685654e-07 0 0 0 0 0 0 0 0 0
8.785639482e-07 0.0008183863669 3.714799914e-07 0 0 0 0 0 0 0 0 0
1.117369913e-06 0.001040953234 5.095324643e-07 0 0 0 0 0 0 0 0 0
1.420913078e-06 0.001323898842 6.98202324e-07 0 0 0 0 0 0 0 0 0
1.806672961e-06 0.001683541903 9.557711574e-07 0 0 0 0 0 0 0 0 0
2.296820421e-06 0.002140586692 1.307000112e-06 0 0 0 0 0 0 0 0 0
2.919465344e-06 0.002721291461 1.785369219e-06 0 0 0 0 0 0 0 0 0
3.710231608e-06 0.003458944045 2.43606379e-06 0 0 0 0 0 0 0 0 0
4.71424335e-06 0.004395723763 3.319944704e-06 0 0 0 0 0 0 0 0 0
5.988627513e-06 0.00558504854 4.518808819e-06 0 0 0 0 0 0 0 0 0
7.605663545e-06 0.007094530646 6.142333183e-06 0 0 0 0 0 0 0 0 0
9.6567431e-06 0.009009694749 8.337205748e-06 0 0 0 0 0 0 0 0 0
1.225734211e-05 0.01143864944 1.129908014e-05 0 0 0 0 0 0 0 0 0
1.555325623e-05 0.01451794953 1.528815734e-05 0 0 0 0 0 0 0 0 0
1.972841056e-05 0.01841994329 2.064939781e-05 0 0 0 0 0 0 0 0 0
2.501462847e-05 0.02336196911 2.783860983e-05 0 0 0 0 0 0 0 0 0
3.170383517e-05 0.02961785244 3.745594998e-05 0 0 0 0 0 0 0 0 0
4.016328427e-05 0.03753226106 5.028871818e-05 0 0 0 0 0 0 0 0 0
5.085453462e-05 0.04753860915 6.736574344e-05 0 0 0 0 0 0 0 0 0
6.435707705e-05 0.06018136512 9.002614937e-05 0 0 0 0 0 0 0 0 0
8.139772519e-05 0.07614382243 0.0001200058766 0 0 0 0 0 0 0 0 0
0.0001028871494 0.09628264589 0.0001595460347 0 0 0 0 0 0 0 0 0
0.0001299652616 0.121670819 0.0002115279649 0 0 0 0 0 0 0 0 0
0.0001640575587 0.1536510016 0.0002796407948 0 0 0 0 0 0 0 0 0
0.0002069450197 0.1939017712 0.000368588194 0 0 0 0 0 0 0 0 0
0.0002565931916 0.2405197189 0.0004478059308 0 0 0 0 0 0 0 0 0
0.0003129007715 0.2934028419 0.0004903766341 0 0 0 0 0 0 0 0 0
0.0003815646557 0.3579006189 0.0005387471407 0 0 0 0 0 0 0 0 0
0.0004652963486 0.4365637271 0.0005986380478 0 0 0 0 0 0 0 0 0
0.0005674023755 0.5325037246 0.0006753294429 0 0 0 0 0 0 0 0 0
0.0006919148554 0.649516247 0.0007752840175 0 0 0 0 0 0 0 0 0
0.0008437507273 0.7922314688 0.0009069288396 0 0 0 0 0 0 0 0 0
0.001028905919 0.9662977505 0.001081458454 0 0 0 0 0 0 0 0 0
0.001254692121 1.178605782 0.001313840643 0 0 0 0 0 0 0 0 0
0.001530025525 1.437562164 0.001624144812 0 0 0 0 0 0 0 0 0
0.001865778917 1.753423366 0.002039331306 0 0 0 0 0 0 0 0 0
0.00227521104 2.138703419 0.002595690984 0 0 0 0 0 0 0 0 0
0.002774490178 2.608671714 0.003342205984 0 0 0 0 0 0 0 0 0
0.003383332628 3.181960888 0.004345222829 0 0 0 0 0 0 0 0 0
0.004125781292 3.88130934 0.005694993425 0 0 0 0 0 0 0 0 0
0.005031155118 4.734468365 0.007514838116 0 0 0 0 0 0 0 0 0
0.006135206893 5.775310736 0.009973852567 0 0 0 0 0 0 0 0 0
0.007481535103 7.045185795 0.01330406114 0 0 0 0 0 0 0 0 0
0.009123305615 8.594577208 0.01782311619 0 0 0 0 0 0 0 0 0
0.01112535117 10.48512334 0.02395554171 0 0 0 0 0 0 0 0 0
0.01356673162 12.79210297 0.03226390978 0 0 0 0 0 0 0 0 0
0.01654385591 15.60744766 0.04345126562 0 0 0 0 0 0 0 0 0
0.02017428929 19.04343234 0.05834537453 0 0 0 0 0 0 0 0 0
0.02460139587 23.23715921 0.07782995572 0 0 0 0 0 0 0 0 0
0.03 28.356006 0.1027199992 0 0 0 0 0 0 0 0 0
0.03536901021 33.45130774 0.1279046129 0 0 0 0 0 0 0 0 0
0.04049914337 38.32349788 0.1518121779 0 0 0 0 0 0 0 0 0
0.04550056531 43.07634806 0.1746312404 0 0 0 0 0 0 0 0 0
0.05043447529 47.76747146 0.1964697042 0 0 0 0 0 0 0 0 0
0.05533317057 52.42719491 0.217387443 0 0 0 0 0 0 0 0 0
0.06020835973 57.06636635 0.2374172837 0 0 0 0 0 0 0 0 0
0.06505394346 61.67894501 0.256579108 0 0 0 0 0 0 0 0 0
0.06984563279 66.24160223 0.2748888414 0 0 0 0 0 0 0 0 0
0.07453889163 70.71173659 0.2923615555 0 0 0 0 0 0 0 0 0
0.07906755233 75.02613458 0.3090045838 0 0 0 0 0 0 0 0 0
0.08334714709 79.10412831 0.3247899536 0 0 0 0 0 0 0 0 0
0.08728493604 82.85714069 0.3395734085 0 0 0 0 0 0 0 0 0
0.09077943227 86.18822488 0.3527921775 0 0 0 0 0 0 0 0 0
0.1 94.98085994 0.4316900828 682.7677496 682.7677496 852.7695954 954.1255002 0.04576676294 101.3546167 278.9619585 3.363431882 -1025.552402
0.105 99.75336652 0.510555831 672.3524147 672.3524147 851.4063077 954.8944986 0.04639666787 103.4869293 283.4735157 3.581042517 -1037.873991
0.11 104.5299795 0.6045242442 662.1250247 662.1250247 850.2254071 955.7682161 0.04697833041 105.5415719 287.8449562 3.737417808 -1049.970338
0.115 109.3112238 0.7146814106 652.0823068 652.0823068 849.2139586 956.7470022 0.0475261739 107.5318295 292.0857932 3.842410885 -1061.748187
0.12 114.0976238 0.8420116669 642.221186 642.221186 848.3598139 957.8302952 0.04805241637 109.4692887 296.2044401 3.906573563 -1073.137762
0.125 118.8896989 0.9874077659 632.538765 632.538765 847.6517116 959.0168536 0.04856726925 111.3639696 300.2083982 3.939550623 -1084.088844
0.13 123.6879615 1.151682111 623.0323055 623.0323055 847.079339 960.3049512 0.0490791464 113.2244591 304.1044054 3.949440172 -1094.567516
0.135 128.4929143 1.335578152 613.6992112 613.6992112 846.6333575 961.6925365 0.0495948731 115.0580442 307.8985544 3.942701275 -1104.553423
0.14 133.305049 1.539781269 604.5370116 604.5370116 846.3053984 963.1773589 0.05011988752 116.8708434 311.5963874 3.924316442 -1114.03743
0.145 138.124846 1.764928667 595.543347 595.543347 846.0880334 964.7570667 0.05065842938 118.6679331 315.2029721 3.898040834 -1123.019619
0.15 142.9527738 2.011618002 586.7159545 586.7159545 845.9747262 966.4292788 0.05121371295 120.4534687 318.7229646 3.866654972 -1131.507563
0.155 147.789289 2.280414609 578.0526543 578.0526543 845.9597703 968.1916364 0.05178808252 122.2307979 322.1606599 3.832186657 -1139.514838
0.16 152.6348366 2.571857308 569.5513375 569.5513375 846.0382191 970.0418368 0.05238315006 124.0025649 325.5200344 3.796092621 -1147.059728
0.165 157.4898501 2.886462851 561.2099544 561.2099544 846.20581 971.9776542 0.05299991568 125.7708061 328.8047814 3.759401524 -1154.164127
0.17 162.3547522 3.22472914 553.0265035 553.0265035 846.4588889 973.9969493 0.05363887179 127.5370368 332.018341 3.722823979 -1160.852581
0.175 167.2299553 3.587137352 544.9990214 544.9990214 846.7943349 976.0976722 0.05430009245 129.3023276 335.1639258 3.68683607 -1167.151481
0.18 172.1158614 3.974153149 537.125574 537.125574 847.2094886 978.2778586 0.05498330955 131.0673739 338.2445427 3.651742205 -1173.08837
0.185 177.0128632 4.38622712 529.4042475 529.4042475 847.7020849 980.5356232 0.05568797731 132.8325554 341.2630119 3.617722201 -1178.691375
0.19 181.9213439 4.823794626 521.8331413 521.8331413 848.2701902 982.8691502 0.05641332676 134.59799 344.221984 3.584866427 -1183.988717
0.195 186.841678 5.28727518 514.4103613 514.4103613 848.9121466 985.276683 0.05715841156 136.363579 347.1239542 3.553201977 -1189.008326
0.2 191.7742312 5.777071503 507.1340135 507.1340135 849.6265206 987.7565137 0.05792214657 138.1290479 349.9712755 3.522712114 -1193.777523
0.205 196.7193609 6.293568345 500.0021992 500.0021992 850.4120577 990.3069717 0.0587033402 139.8939807 352.7661699 3.493350672 -1198.322765
0.21 201.6774159 6.837131194 493.0130108 493.0130108 851.2676431 992.9264148 0.05950072161 141.65785 355.510739 3.465052689 -1202.669457
0.215 206.6487373 7.408104929 486.1645278 486.1645278 852.1922668 995.6132196 0.06031296356 143.4200424 358.2069728 3.437742197 -1206.841802
0.22 211.6336577 8.006812487 479.4548139 479.4548139 853.1849938 998.3657736 0.06113870171 145.1798805 360.8567579 3.41133789 -1210.862706
0.225 216.6325019 8.633553607 472.8819153 472.8819153 854.2449384 1001.182469 0.06197655079 146.936642 363.4618851 3.385757199 -1214.753704
0.23 221.6455866 9.288603676 466.4438584 466.4438584 855.3712436 1004.061697 0.0628251184 148.6895753 366.0240558 3.360919162 -1218.534927
0.235 226.6732204 9.972212711 460.1386494 460.1386494 856.5630622 1007.001843 0.06368301656 150.4379131 368.5448878 3.336746393 -1222.225087
0.24 231.7157039 10.68460451 453.9642735 453.9642735 857.8195431 1010.001285 0.06454887155 152.1808839 371.0259211 3.313166381 -1225.841486
0.245 236.7733294 11.42597596 447.9186952 447.9186952 859.1398192 1013.058389 0.06542133219 153.9177217 373.4686224 3.29011228 -1229.400036
0.25 241.8463811 12.19649656 441.9998586 441.9998586 860.5229984 1016.171511 0.06629907685 155.6476735 375.8743897 3.267523326 -1232.915295
0.255 246.9351351 12.99630806 436.2056889 436.2056889 861.9681566 1019.338993 0.06718081935 157.3700064 378.2445562 3.24534498 -1236.400515
0.26 252.0398589 13.82552438 430.5340929 430.5340929 863.474333 1022.559166 0.06806531384 159.0840126 380.5803943 3.223528872 -1239.86769
0.265 257.1608118 14.68423159 424.9829614 424.9829614 865.0405265 1025.830352 0.06895135887 160.7890138 382.8831185 3.202032599 -1243.327616
0.27 262.2982446 15.57248818 419.5501709 419.5501709 866.665694 1029.150862 0.06983780071 162.4843646 385.1538888 3.180819425 -1246.789955
0.275 267.4523998 16.49032538 414.2335855 414.2335855 868.3487501 1032.519001 0.07072353595 164.1694552 387.3938134 3.159857923 -1250.26329
0.28 272.6235111 17.43774768 409.0310597 409.0310597 870.0885671 1035.933067 0.07160751356 165.8437129 389.6039516 3.13912157 -1253.755201
0.285 277.8118041 18.41473347 403.9404403 403.9404403 871.8839769 1039.39136 0.07248873635 167.5066038 391.7853157 3.118588325 -1257.272319
0.29 283.0174956 19.42123583 398.9595697 398.9595697 873.7337723 1042.892177 0.073366262 169.1576334 393.9388739 3.098240201 -1260.820395
0.295 288.240794 20.45718336 394.086288 394.086288 875.6367103 1046.433821 0.07423920361 170.7963467 396.0655518 3.078062845 -1264.404365
0.3 293.4818991 21.52248112 389.318436 389.318436 877.5915147 1050.014601 0.07510672988 172.4223287 398.1662348 3.05804513 -1268.028404
0.305 298.7410024 22.61701172 384.6538577 384.6538577 879.5968797 1053.632833 0.07596806491 174.0352032 400.2417699 3.038178764 -1271.695991
0.31 304.018287 23.74063634 380.0904031 380.0904031 881.6514734 1057.28685 0.07682248772 175.6346328 402.2929674 3.018457923 -1275.409965
0.315 309.3139278 24.89319591 375.6259309 375.6259309 883.7539415 1060.974996 0.07766933144 177.2203176 404.3206022 2.99887891 -1279.172576
0.32 314.6280911 26.07451229 371.258311 371.258311 885.9029113 1064.695636 0.07850798232 178.7919942 406.3254162 2.979439841 -1282.985539
0.325 319.9609356 27.28438943 366.985427 366.985427 888.0969955 1068.447154 0.07933787844 180.3494345 408.3081191 2.960140355 -1286.850083
0.33 325.3126115 28.52261462 362.8051785 362.8051785 890.3347958 1072.227958 0.08015850829 181.8924443 410.2693898 2.940981354 -1290.766998
0.335 330.6832614 29.78895967 358.7154834 358.7154834 892.6149072 1076.036481 0.0809694092 183.4208617 412.2098783 2.921964764 -1294.736674
0.34 336.0730199 31.08318216 354.7142801 354.7142801 894.9359209 1079.871183 0.08177016556 184.9345557 414.1302067 2.903093328 -1298.759149
0.345 341.4820143 32.4050266 350.7995295 350.7995295 897.2964285 1083.730553 0.08256040706 186.4334246 416.0309701 2.884370419 -1302.834143
0.35 346.9103641 33.75422563 346.9692168 346.9692168 899.6950247 1087.613114 0.0833398067 187.9173941 417.9127385 2.865799873 -1306.961093
0.355 352.3581817 35.13050113 343.2213532 343.2213532 902.1303108 1091.517416 0.08410807886 189.3864161 419.7760572 2.847385848 -1311.139188
0.36 357.8255722 36.53356541 339.5539777 339.5539777 904.6008978 1095.442049 0.08486497727 190.8404669 421.6214485 2.829132698 -1315.367401
0.365 363.3126337 37.9631222 335.9651581 335.9651581 907.1054085 1099.385633 0.08561029294 192.2795452 423.4494125 2.811044867 -1319.644515
0.37 368.8194578 39.41886776 332.4529928 332.4529928 909.6424807 1103.346826 0.08634385214 193.7036712 425.260428 2.7931268 -1323.96915
0.375 374.3461292 40.90049184 329.0156113 329.0156113 912.210769 1107.324323 0.08706551431 195.1128845 427.0549536 2.775382863 -1328.339789
0.38 379.8927261 42.40767865 325.6511759 325.6511759 914.8089473 1111.316855 0.08777517009 196.5072429 428.8334285 2.757817283 -1332.754797
0.385 385.4593207 43.94010775 322.357882 322.357882 917.4357102 1115.323191 0.08847273924 197.8868209 430.5962738 2.740434098 -1337.212445
0.39 391.045979 45.49745492 319.1339593 319.1339593 920.0897752 1119.342138 0.08915816877 199.2517079 432.3438928 2.723237111 -1341.710924
0.395 396.6527612 47.07939297 315.9776717 315.9776717 922.7698839 1123.372542 0.08983143097 200.6020075 434.076672 2.706229861 -1346.248368
0.4 402.2797217 48.68559249 312.8873187 312.8873187 925.4748032 1127.413285 0.09049252158 201.9378357 435.7949823 2.689415602 -1350.822863
0.405 407.9269095 50.31572256 309.861235 309.861235 928.2033265 1131.463289 0.09114145801 203.2593201 437.4991791 2.67279728 -1355.432464
0.41 413.5943683 51.96945142 306.8977911 306.8977911 930.9542749 1135.521511 0.09177827758 204.5665983 439.1896034 2.656377526 -1360.075207
0.415 419.2821366 53.64644711 303.9953934 303.9953934 933.7264974 1139.586949 0.09240303591 205.8598171 440.8665825 2.640158649 -1364.74912
0.42 424.9902482 55.34637801 301.1524844 301.1524844 936.5188722 1143.658634 0.09301580533 207.1391313 442.5304304 2.624142636 -1369.452233
0.425 430.7187318 57.06891337 298.3675423 298.3675423 939.3303064 1147.735636 0.09361667333 208.4047029 444.1814488 2.608331151 -1374.182583
0.43 436.4676119 58.81372382 295.6390814 295.6390814 942.159737 1151.81706 0.09420574119 209.6567 445.8199273 2.592725544 -1378.93823
0.435 442.2369084 60.58048179 292.9656514 292.9656514 945.006131 1155.902046 0.0947831226 210.8952962 447.4461444 2.577326855 -1383.717254
0.44 448.0266369 62.36886195 290.3458376 290.3458376 947.8684852 1159.98977 0.09534894238 212.1206695 449.0603676 2.562135826 -1388.517769
0.445 453.8368093 64.17854151 287.7782604 287.7782604 950.7458262 1164.07944 0.09590333526 213.3330018 450.6628543 2.547152914 -1393.337922
0.45 459.6674333 66.00920064 285.2615749 285.2615749 953.637211 1168.170298 0.09644644478 214.5324781 452.253852 2.5323783 -1398.175901
0.455 465.518513 67.86052271 282.7944705 282.7944705 956.541726 1172.261617 0.0969784222 215.7192859 453.833599 2.517811903 -1403.029937
0.46 471.3900491 69.73219455 280.3756706 280.3756706 959.458487 1176.352704 0.09749942555 216.8936146 455.4023247 2.503453396 -1407.898307
0.465 477.2820386 71.62390674 278.003932 278.003932 962.3866392 1180.442893 0.09800961866 218.0556552 456.96025 2.48930222 -1412.779337
0.47 483.1944755 73.53535377 275.6780441 275.6780441 965.3253566 1184.531552 0.09850917033 219.2055993 458.507588 2.475357597 -1417.671404
0.475 489.1273505 75.46623423 273.396829 273.396829 968.2738415 1188.618073 0.09899825353 220.3436391 460.044544 2.461618546 -1422.572937
0.48 495.0806517 77.41625101 271.1591402 271.1591402 971.2313241 1192.701881 0.09947704465 221.469967 461.571316 2.448083898 -1427.482418
0.485 501.0543639 79.38511135 268.9638624 268.9638624 974.1970619 1196.782423 0.09994572287 222.5847747 463.0880952 2.434752308 -1432.398382
0.49 507.0484696 81.37252706 266.809911 266.809911 977.1703396 1200.859177 0.1004044694 223.6882536 464.5950661 2.42162227 -1437.319421
0.495 513.0629485 83.37821452 264.6962309 264.6962309 980.1504677 1204.931642 0.1008534672 224.7805939 466.0924069 2.408692133 -1442.244179
0.5 519.0977781 85.4018948 262.6217966 262.6217966 983.1367829 1208.999346 0.1012929001 225.8619848 467.58029 2.39596011 -1447.171354
0.505 525.1529333 87.44329372 260.5856108 260.5856108 986.1286466 1213.061836 0.1017229524 226.9326137 469.0588819 2.383424293 -1452.099701
0.51 531.228387 89.50214189 258.5867044 258.5867044 989.1254448 1217.118684 0.1021438088 227.9926667 470.5283437 2.371082664 -1457.028024
0.515 537.32411 91.57817472 256.6241354 256.6241354 992.1265873 1221.169485 0.1025556534 229.0423276 471.9888313 2.358933106 -1461.955184
0.52 543.4400711 93.67113247 254.6969883 254.6969883 995.1315071 1225.213853 0.1029586698 230.0817785 473.4404957 2.346973416 -1466.880089
0.525 549.5762372 95.78076022 252.8043736 252.8043736 998.1396597 1229.251424 0.1033530407 231.1111991 474.8834832 2.335201312 -1471.801703
0.53 555.7325735 97.9068079 250.9454271 250.9454271 1001.150522 1233.281852 0.1037389475 232.1307668 476.3179355 2.323614446 -1476.719035
0.535 561.9090433 100.0490302 249.1193091 249.1193091 1004.163594 1237.30481 0.10411657 233.1406565 477.74399 2.312210409 -1481.631145
0.54 568.1056086 102.2071868 247.3252038 247.3252038 1007.178393 1241.319991 0.1044860863 234.1410407 479.16178 2.300986745 -1486.537139
0.545 574.3222298 104.3810418 245.5623188 245.5623188 1010.194459 1245.327104 0.1048476726 235.1320891 480.5714349 2.289940954 -1491.43617
0.55 580.5588658 106.5703643 243.8298843 243.8298843 1013.211351 1249.325873 0.1052015029 236.1139689 481.9730802 2.279070499 -1496.327435
0.555 586.8154742 108.7749279 242.1271526 242.1271526 1016.228645 1253.31604 0.1055477489 237.0868444 483.3668381 2.268372819 -1501.210173
0.56 593.0920114 110.9945111 240.4533973 240.4533973 1019.245936 1257.297362 0.1058865799 238.0508772 484.752827 2.25784533 -1506.083666
0.565 599.3884327 113.2288966 238.807913 238.807913 1022.262837 1261.269609 0.1062181626 239.0062261 486.1311622 2.247485432 -1510.947237
0.57 605.704692 115.4778719 237.1900142 237.1900142 1025.278977 1265.232568 0.1065426612 239.9530469 487.5019558 2.237290513 -1515.800246
0.575 612.0407425 117.7412288 235.5990353 235.5990353 1028.294002 1269.186037 0.1068602371 240.8914928 488.8653168 2.22725796 -1520.642092
0.58 618.3965363 120.0187635 234.0343297 234.0343297 1031.307573 1273.129827 0.1071710487 241.8217139 490.2213515 2.217385156 -1525.472209
0.585 624.7720244 122.3102766 232.4952694 232.4952694 1034.319367 1277.063762 0.1074752517 242.7438576 491.5701633 2.207669489 -1530.290067
0.59 631.1671572 124.6155728 230.981244 230.981244 1037.329074 1280.987678 0.1077729991 243.6580684 492.9118527 2.198108355 -1535.095169
0.595 637.5818842 126.9344612 229.4916609 229.4916609 1040.336399 1284.901421 0.1080644406 244.5644879 494.2465181 2.188699159 -1539.887048
0.6 644.0161542 129.2667546 228.0259442 228.0259442 1043.341061 1288.804848 0.108349723 245.463255 495.5742549 2.179439323 -1544.665271
0.605 650.4699153 131.6122703 226.5835345 226.5835345 1046.342792 1292.697827 0.1086289905 246.3545057 496.8951566 2.170326284 -1549.429431
0.61 656.9431149 133.9708292 225.1638882 225.1638882 1049.341335 1296.580236 0.1089023838 247.2383732 498.2093142 2.161357501 -1554.179152
0.615 663.4356998 136.3422561 223.7664772 223.7664772 1052.336447 1300.451961 0.1091700409 248.1149881 499.5168166 2.152530452 -1558.914084
0.62 669.9476165 138.7263798 222.3907882 222.3907882 1055.327895 1304.312897 0.1094320969 248.9844782 500.8177503 2.143842641 -1563.633901
0.625 676.4788106 141.1230326 221.0363226 221.0363226 1058.315458 1308.162949 0.1096886837 249.8469686 502.1122002 2.135291599 -1568.338303
0.63 683.0292277 143.5320504 219.7025957 219.7025957 1061.298926 1312.002029 0.1099399306 250.7025817 503.400249 2.126874883 -1573.027013
0.635 689.5988125 145.9532729 218.3891365 218.3891365 1064.278099 1315.830056 0.1101859636 251.5514375 504.6819776 2.11859008 -1577.699778
0.64 696.1875097 148.3865431 217.095487 217.095487 1067.252787 1319.646957 0.1104269062 252.3936533 505.9574649 2.110434807 -1582.356364
0.645 702.7952634 150.8317074 215.8212023 215.8212023 1070.222809 1323.452668 0.1106628787 253.2293438 507.2267883 2.102406714 -1586.996557
0.65 709.4220176 153.2886155 214.5658497 214.5658497 1073.187993 1327.247128 0.1108939988 254.0586215 508.4900233 2.094503481 -1591.620163
0.655 716.0677159 155.7571205 213.3290085 213.3290085 1076.148176 1331.030285 0.1111203815 254.8815962 509.747244 2.086722824 -1596.227009
0.66 722.7323016 158.2370786 212.1102697 212.1102697 1079.103205 1334.802091 0.1113421388 255.6983754 510.9985226 2.07906249 -1600.816934
0.665 729.4157178 160.7283489 210.9092356 210.9092356 1082.052933 1338.562506 0.1115593803 256.5090643 512.2439301 2.071520264 -1605.389798
0.67 736.1179076 163.230794 209.7255194 209.7255194 1084.997222 1342.311495 0.1117722127 257.3137658 513.4835358 2.064093962 -1609.945474
0.675 742.8388137 165.7442789 208.558745 208.558745 1087.93594 1346.049026 0.1119807403 258.1125804 514.7174076 2.05678144 -1614.483852
0.68 749.5783787 168.268672 207.4085463 207.4085463 1090.868963 1349.775075 0.1121850647 258.9056068 515.9456122 2.049580586 -1619.004834
0.685 756.3365452 170.8038441 206.2745674 206.2745674 1093.796176 1353.489619 0.1123852852 259.692941 517.1682148 2.042489324 -1623.508336
0.69 763.1132557 173.3496691 205.156462 205.156462 1096.717466 1357.192645 0.1125814983 260.4746773 518.3852792 2.035505615 -1627.994289
0.695 769.9084525 175.9060233 204.0538931 204.0538931 1099.63273 1360.884138 0.1127737986 261.2509078 519.5968682 2.028627456 -1632.462631
0.7 776.7220778 178.4727858 202.9665328 202.9665328 1102.54187 1364.564091 0.1129622778 262.0217225 520.8030433 2.021852878 -1636.913317
0.705 783.5540741 181.0498382 201.894062 201.894062 1105.444793 1368.2325 0.1131470257 262.7872096 522.0038646 2.015179949 -1641.346307
0.71 790.4043836 183.6370646 200.8361699 200.8361699 1108.341413 1371.889364 0.1133281296 263.5474552 523.1993914 2.008606771 -1645.761576
0.715 797.2729485 186.2343517 199.7925544 199.7925544 1111.231648 1375.534686 0.1135056749 264.3025436 524.3896816 2.002131484 -1650.159106
0.72 804.1597112 188.8415882 198.7629209 198.7629209 1114.115422 1379.168471 0.1136797444 265.0525572 525.5747922 1.99575226 -1654.538888
0.725 811.064614 191.4586654 197.7469828 197.7469828 1116.992662 1382.79073 0.1138504193 265.7975768 526.7547792 1.989467307 -1658.900922
0.73 817.9875993 194.0854768 196.7444612 196.7444612 1119.863303 1386.401474 0.1140177783 266.5376811 527.9296973 1.983274867 -1663.245216
0.735 824.9286096 196.7219182 195.755084 195.755084 1122.727282 1390.000718 0.1141818983 267.2729475 529.0996005 1.977173216 -1667.571785
0.74 831.8875874 199.3678873 194.7785867 194.7785867 1125.584541 1393.588479 0.1143428544 268.0034512 530.2645417 1.971160664 -1671.880652
0.745 838.8644753 202.0232841 193.8147112 193.8147112 1128.435026 1397.164778 0.1145007195 268.7292663 531.4245728 1.965235554 -1676.171845
0.75 845.8592161 204.6880106 192.8632064 192.8632064 1131.278686 1400.729636 0.1146555647 269.4504649 532.579745 1.959396261 -1680.445399
0.755 852.8717526 207.3619708 191.9238274 191.9238274 1134.115476 1404.283077 0.1148074595 270.1671178 533.7301085 1.953641192 -1684.701357
0.76 859.9020279 210.0450706 190.9963358 190.9963358 1136.945353 1407.82513 0.1149564713 270.8792942 534.8757125 1.947968787 -1688.939763
0.765 866.949985 212.7372179 190.0804989 190.0804989 1139.768278 1411.355821 0.1151026661 271.5870617 536.0166056 1.942377518 -1693.16067
0.77 874.0155672 215.4383223 189.1760903 189.1760903 1142.584215 1414.875181 0.1152461081 272.2904866 537.1528355 1.936865885 -1697.364134
0.775 881.098718 218.1482952 188.282889 188.282889 1145.393131 1418.383243 0.1153868597 272.9896337 538.2844489 1.931432421 -1701.550216
0.78 888.1993808 220.8670501 187.4006797 187.4006797 1148.194996 1421.88004 0.1155249818 273.6845665 539.4114921 1.926075688 -1705.718981
0.785 895.3174996 223.5945017 186.5292524 186.5292524 1150.989784 1425.365607 0.115660534 274.375347 540.5340103 1.920794277 -1709.870497
0.79 902.4530183 226.3305667 185.6684023 185.6684023 1153.77747 1428.839981 0.115793574 275.0620362 541.6520481 1.915586807 -1714.004837
0.795 909.6058809 229.0751634 184.8179298 184.8179298 1156.558033 1432.3032 0.1159241582 275.7446935 542.7656495 1.910451928 -1718.122077
0.8 916.7760317 231.8282116 183.97764 183.97764 1159.331455 1435.755304 0.1160523416 276.4233771 543.8748575 1.905388314 -1722.222296
0.805 923.9634154 234.5896327 183.1473431 183.1473431 1162.097718 1439.196333 0.1161781777 277.0981442 544.9797147 1.900394671 -1726.305575
0.81 931.1679767 237.3593497 182.3268534 182.3268534 1164.856808 1442.626329 0.1163017189 277.7690506 546.0802629 1.895469726 -1730.371999
0.815 938.3896604 240.1372869 181.5159903 181.5159903 1167.608714 1446.045334 0.1164230158 278.4361509 547.1765432 1.890612238 -1734.421655
0.82 945.6284118 242.9233701 180.7145772 180.7145772 1170.353426 1449.453393 0.1165421181 279.0994989 548.2685962 1.885820987 -1738.454632
0.825 952.8841762 245.7175267 179.9224417 179.9224417 1173.090935 1452.850549 0.1166590742 279.759147 549.3564617 1.881094781 -1742.471022
0.83 960.1568992 248.5196852 179.1394158 179.1394158 1175.821237 1456.236849 0.1167739312 280.4151465 550.440179 1.876432453 -1746.470916
0.835 967.4465266 251.3297756 178.3653353 178.3653353 1178.544326 1459.612338 0.1168867349 281.0675478 551.5197869 1.871832857 -1750.454411
0.84 974.7530046 254.1477291 177.60004 177.60004 1181.2602 1462.977064 0.1169975302 281.7164002 552.5953233 1.867294875 -1754.421602
0.845 982.0762794 256.9734783 176.8433732 176.8433732 1183.96886 1466.331074 0.1171063607 282.3617522 553.6668259 1.862817409 -1758.372587
0.85 989.4162976 259.8069568 176.0951823 176.0951823 1186.670305 1469.674417 0.117213269 283.003651 554.7343316 1.858399386 -1762.307466
0.855 996.7730059 262.6480998 175.355318 175.355318 1189.364538 1473.007141 0.1173182965 283.642143 555.7978768 1.854039752 -1766.226339
0.86 1004.146351 265.4968434 174.6236344 174.6236344 1192.051563 1476.329296 0.1174214837 284.2772738 556.8574974 1.849737479 -1770.129307
0.865 1011.536281 268.3531249 173.8999893 173.8999893 1194.731386 1479.640932 0.11752287 284.9090879 557.9132288 1.845491558 -1774.016471
0.87 1018.942743 271.2168828 173.1842433 173.1842433 1197.404013 1482.942099 0.1176224939 285.537629 558.9651058 1.841301 -1777.887936
0.875 1026.365685 274.0880566 172.4762606 172.4762606 1200.069451 1486.232847 0.117720393 286.16294 560.0131628 1.837164839 -1781.743805
0.88 1033.805054 276.966587 171.7759083 171.7759083 1202.727711 1489.513229 0.1178166037 286.7850628 561.0574337 1.833082128 -1785.584182
0.885 1041.2608 279.8524156 171.0830565 171.0830565 1205.378802 1492.783295 0.1179111617 287.4040387 562.0979518 1.829051937 -1789.409171
0.89 1048.73287 282.7454852 170.3975784 170.3975784 1208.022735 1496.043096 0.118004102 288.019908 563.1347499 1.825073359 -1793.218878
0.895 1056.221214 285.6457394 169.7193499 169.7193499 1210.659523 1499.292685 0.1180954583 288.6327102 564.1678607 1.821145504 -1797.013409
0.9 1063.72578 288.5531231 169.0482496 169.0482496 1213.289179 1502.532115 0.1181852639 289.2424844 565.197316 1.817267501 -1800.792868
0.905 1071.246518 291.4675817 168.3841589 168.3841589 1215.911717 1505.761436 0.118273551 289.8492685 566.2231474 1.813438495 -1804.557362
0.91 1078.783378 294.3890619 167.726962 167.726962 1218.527154 1508.980703 0.1183603511 290.4530999 567.2453861 1.80965765 -1808.306997
0.915 1086.336309 297.3175112 167.0765452 167.0765452 1221.135503 1512.189967 0.118445695 291.0540154 568.2640626 1.805924147 -1812.041879
0.92 1093.905261 300.252878 166.4327978 166.4327978 1223.736783 1515.389281 0.1185296127 291.6520507 569.2792074 1.802237185 -1815.762114
0.925 1101.490185 303.1951114 165.7956111 165.7956111 1226.331011 1518.578699 0.1186121335 292.2472414 570.2908502 1.798595976 -1819.467807
0.93 1109.091031 306.1441617 165.164879 165.164879 1228.918204 1521.758272 0.1186932859 292.8396219 571.2990204 1.794999752 -1823.159064
0.935 1116.707751 309.0999797 164.5404976 164.5404976 1231.498383 1524.928055 0.1187730979 293.4292263 572.3037473 1.791447758 -1826.835991
0.94 1124.340296 312.0625173 163.9223653 163.9223653 1234.071567 1528.088099 0.1188515966 294.016088 573.3050593 1.787939255 -1830.498694
0.945 1131.988616 315.0317268 163.3103825 163.3103825 1236.637775 1531.238458 0.1189288086 294.6002397 574.302985 1.784473519 -1834.147276
0.95 1139.652664 318.0075617 162.704452 162.704452 1239.197029 1534.379185 0.1190047599 295.1817136 575.297552 1.78104984 -1837.781844
0.955 1147.332392 320.989976 162.1044784 162.1044784 1241.749351 1537.510333 0.1190794758 295.7605412 576.2887882 1.777667524 -1841.4025
0.96 1155.027752 323.9789246 161.5103683 161.5103683 1244.294761 1540.631955 0.1191529809 296.3367535 577.2767205 1.77432589 -1845.00935
0.965 1162.738696 326.9743629 160.9220306 160.9220306 1246.833282 1543.744102 0.1192252996 296.9103809 578.2613759 1.77102427 -1848.602496
0.97 1170.465177 329.9762473 160.3393757 160.3393757 1249.364937 1546.846829 0.1192964552 297.4814535 579.2427809 1.76776201 -1852.182042
0.975 1178.207149 332.9845347 159.762316 159.762316 1251.889749 1549.940188 0.1193664708 298.0500004 580.2209616 1.764538469 -1855.74809
0.98 1185.964563 335.9991826 159.1907658 159.1907658 1254.407743 1553.024231 0.1194353689 298.6160506 581.1959439 1.761353019 -1859.300742
0.985 1193.737375 339.0201495 158.6246411 158.6246411 1256.918941 1556.09901 0.1195031714 299.1796323 582.1677532 1.758205044 -1862.8401
0.99 1201.525538 342.0473942 158.0638597 158.0638597 1259.423369 1559.164578 0.1195698999 299.7407735 583.1364148 1.755093941 -1866.366264
0.995 1209.329006 345.0808762 157.5083408 157.5083408 1261.921051 1562.220987 0.1196355751 300.2995014 584.1019535 1.752019119 -1869.879336
1 1217.147733 348.1205559 156.9580055 156.9580055 1264.412012 1565.268289 0.1197002177 300.8558429 585.0643939 1.748979996 -1873.379414
1.005 1224.981674 351.1663939 156.4127764 156.4127764 1266.896277 1568.306535 0.1197638475 301.4098245 586.0237602 1.745976006 -1876.866597
1.01 1232.830783 354.2183517 155.8725778 155.8725778 1269.373873 1571.335777 0.1198264841 301.961472 586.9800764 1.74300659 -1880.340985
1.015 1240.695017 357.2763913 155.3373353 155.3373353 1271.844824 1574.356067 0.1198881466 302.510811 587.9333661 1.740071201 -1883.802675
1.02 1248.574329 360.3404752 154.806976 154.806976 1274.309158 1577.367455 0.1199488537 303.0578665 588.8836527 1.737169306 -1887.251764
1.025 1256.468676 363.4105665 154.2814285 154.2814285 1276.7669 1580.369993 0.1200086235 303.6026632 589.8309592 1.734300377 -1890.688348
1.03 1264.378014 366.4866289 153.7606229 153.7606229 1279.218077 1583.363731 0.1200674739 304.1452254 590.7753085 1.731463899 -1894.112524
1.035 1272.302299 369.5686265 153.2444906 153.2444906 1281.662715 1586.34872 0.1201254222 304.6855767 591.7167231 1.728659368 -1897.524386
1.04 1280.241487 372.6565241 152.7329642 152.7329642 1284.100842 1589.325011 0.1201824856 305.2237407 592.6552253 1.725886289 -1900.924028
1.045 1288.195535 375.7502869 152.2259779 152.2259779 1286.532485 1592.292652 0.1202386805 305.7597405 593.5908369 1.723144174 -1904.311545
1.05 1296.164399 378.8498806 151.7234668 151.7234668 1288.95767 1595.251695 0.1202940234 306.2935985 594.5235798 1.720432548 -1907.687029
1.055 1304.148037 381.9552715 151.2253677 151.2253677 1291.376426 1598.202189 0.12034853 306.8253372 595.4534755 1.717750942 -1911.050572
1.06 1312.146407 385.0664261 150.7316181 150.7316181 1293.788779 1601.144182 0.120402216 307.3549785 596.380545 1.715098899 -1914.402265
1.065 1320.159465 388.1833118 150.2421571 150.2421571 1296.194757 1604.077725 0.1204550965 307.8825438 597.3048095 1.712475969 -1917.7422
1.07 1328.18717 391.3058962 149.7569248 149.7569248 1298.594388 1607.002866 0.1205071864 308.4080545 598.2262896 1.70988171 -1921.070466
1.075 1336.22948 394.4341472 149.2758624 149.2758624 1300.987699 1609.919653 0.1205585002 308.9315314 599.1450058 1.707315688 -1924.387152
1.08 1344.286353 397.5680336 148.7989122 148.7989122 1303.374719 1612.828136 0.1206090522 309.452995 600.0609783 1.70477748 -1927.692347
1.085 1352.357748 400.7075241 148.3260178 148.3260178 1305.755474 1615.728361 0.1206588562 309.9724656 600.9742272 1.702266668 -1930.986138
1.09 1360.443623 403.8525883 147.8571235 147.8571235 1308.129994 1618.620377 0.1207079259 310.4899629 601.8847723 1.699782844 -1934.268613
1.095 1368.543938 407.003196 147.3921749 147.3921749 1310.498305 1621.504232 0.1207562746 311.0055067 602.792633 1.697325605 -1937.539856
1.1 1376.658652 410.1593173 146.9311185 146.9311185 1312.860436 1624.379972 0.1208039153 311.5191162 603.6978287 1.694894558 -1940.799955
1.105 1384.787724 413.3209229 146.4739017 146.4739017 1315.216416 1627.247644 0.1208508607 312.0308103 604.6003785 1.692489316 -1944.048992
1.11 1392.931115 416.4879837 146.0204731 146.0204731 1317.56627 1630.107296 0.1208971233 312.5406077 605.5003014 1.690109499 -1947.287053
1.115 1401.088784 419.6604714 145.570782 145.570782 1319.910029 1632.958973 0.1209427153 313.0485268 606.3976159 1.687754735 -1950.51422
1.12 1409.260691 422.8383575 145.1247788 145.1247788 1322.24772 1635.802722 0.1209876486 313.5545857 607.2923407 1.685424659 -1953.730575
1.125 1417.446798 426.0216142 144.6824146 144.6824146 1324.579371 1638.638588 0.121031935 314.0588022 608.1844938 1.68311891 -1956.936201
1.13 1425.647064 429.2102141 144.2436416 144.2436416 1326.905009 1641.466618 0.1210755858 314.5611938 609.0740935 1.680837138 -1960.131177
1.135 1433.861451 432.4041301 143.8084126 143.8084126 1329.224663 1644.286856 0.1211186122 315.061778 609.9611576 1.678578994 -1963.315584
1.14 1442.08992 435.6033354 143.3766815 143.3766815 1331.538361 1647.099347 0.1211610253 315.5605716 610.8457037 1.676344141 -1966.489502
1.145 1450.332432 438.8078035 142.9484029 142.9484029 1333.846131 1649.904135 0.1212028357 316.0575914 611.7277493 1.674132244 -1969.653009
1.15 1458.588948 442.0175083 142.5235321 142.5235321 1336.148 1652.701267 0.121244054 316.552854 612.6073117 1.671942976 -1972.806182
1.155 1466.859432 445.2324242 142.1020254 142.1020254 1338.443997 1655.490784 0.1212846903 317.0463757 613.484408 1.669776014 -1975.949099
1.16 1475.143843 448.4525256 141.6838396 141.6838396 1340.734148 1658.272732 0.1213247549 317.5381724 614.3590551 1.667631043 -1979.081837
1.165 1483.442146 451.6777875 141.2689326 141.2689326 1343.018483 1661.047153 0.1213642575 318.02826 615.2312698 1.665507753 -1982.20447
1.17 1491.754303 454.908185 140.8572626 140.8572626 1345.297028 1663.814092 0.1214032078 318.5166541 616.1010685 1.663405838 -1985.317075
1.175 1500.080275 458.1436937 140.448789 140.448789 1347.569811 1666.57359 0.1214416153 319.0033699 616.9684677 1.661324999 -1988.419724
1.18 1508.420026 461.3842893 140.0434714 140.0434714 1349.83686 1669.325691 0.1214794892 319.4884226 617.8334835 1.659264942 -1991.512493
1.185 1516.773519 464.629948 139.6412706 139.6412706 1352.098202 1672.070437 0.1215168387 319.9718271 618.696132 1.657225378 -1994.595452
1.19 1525.140718 467.8806462 139.2421476 139.2421476 1354.353864 1674.807869 0.1215536725 320.4535981 619.556429 1.655206024 -1997.668675
1.195 1533.521586 471.1363605 138.8460643 138.8460643 1356.603874 1677.538031 0.1215899994 320.9337501 620.4143903 1.653206599 -2000.732233
1.2 1541.916087 474.3970679 138.4529834 138.4529834 1358.848259 1680.260962 0.121625828 321.4122973 621.2700313 1.651226831 -2003.786196
