# nB[fm-3], eps[MeVfm-3], p[MeVfm-3], M*_p[MeV], M*_n[MeV], chempo_p[MeV], chempo_n[MeV], xp[], kF_p[MeV], kF_n[MeV], gamma_fixYp[], dchempo_delta_dYp[MeV]
7.924059598670059889e-15 7.378818405166323872e-12 1.886477988461969493e-19 0.000000000000000000e+00 0.000000000000000000e+00 0.000000000000000000e+00 0.000000000000000000e+00 0.000000000000000000e+00 0.000000000000000000e+00 0.000000000000000000e+00 0.000000000000000000e+00 0.000000000000000000e+00
2.505807664671722489e-14 2.333387359646843827e-11 1.202874972104641986e-18 0.000000000000000000e+00 0.000000000000000000e+00 0.000000000000000000e+00 0.000000000000000000e+00 0.000000000000000000e+00 0.000000000000000000e+00 0.000000000000000000e+00 0.000000000000000000e+00 0.000000000000000000e+00
7.924059598670059258e-14 7.378819354609388237e-11 7.669891763197251689e-18 0.000000000000000000e+00 0.000000000000000000e+00 0.000000000000000000e+00 0.000000000000000000e+00 0.000000000000000000e+00 0.000000000000000000e+00 0.000000000000000000e+00 0.000000000000000000e+00 0.000000000000000000e+00
2.505807664671717125e-13 2.333387965040248206e-10 4.890553135063775867e-17 0.000000000000000000e+00 0.000000000000000000e+00 0.000000000000000000e+00 0.000000000000000000e+00 0.000000000000000000e+00 0.000000000000000000e+00 0.000000000000000000e+00 0.000000000000000000e+00 0.000000000000000000e+00
7.924059598670059006e-13 7.378823214779405937e-10 3.118363427453629302e-16 0.000000000000000000e+00 0.000000000000000000e+00 0.000000000000000000e+00 0.000000000000000000e+00 0.000000000000000000e+00 0.000000000000000000e+00 0.000000000000000000e+00 0.000000000000000000e+00 0.000000000000000000e+00
2.505807664671722779e-12 2.333390426400468967e-09 1.988362092615020109e-15 0.000000000000000000e+00 0.000000000000000000e+00 0.000000000000000000e+00 0.000000000000000000e+00 0.000000000000000000e+00 0.000000000000000000e+00 0.000000000000000000e+00 0.000000000000000000e+00 0.000000000000000000e+00
7.924059598670059409e-12 7.378838909150761823e-09 1.267839334101210687e-14 0.000000000000000000e+00 0.000000000000000000e+00 0.000000000000000000e+00 0.000000000000000000e+00 0.000000000000000000e+00 0.000000000000000000e+00 0.000000000000000000e+00 0.000000000000000000e+00 0.000000000000000000e+00
2.505807664671716721e-11 2.333400433602570959e-08 8.084124028839130602e-14 0.000000000000000000e+00 0.000000000000000000e+00 0.000000000000000000e+00 0.000000000000000000e+00 0.000000000000000000e+00 0.000000000000000000e+00 0.000000000000000000e+00 0.000000000000000000e+00 0.000000000000000000e+00
7.924059598670060056e-11 7.378902718074158951e-08 5.154680057310614814e-13 0.000000000000000000e+00 0.000000000000000000e+00 0.000000000000000000e+00 0.000000000000000000e+00 0.000000000000000000e+00 0.000000000000000000e+00 0.000000000000000000e+00 0.000000000000000000e+00 0.000000000000000000e+00
2.505807664671722408e-10 2.333441120086839249e-07 3.286778678611036263e-12 0.000000000000000000e+00 0.000000000000000000e+00 0.000000000000000000e+00 0.000000000000000000e+00 0.000000000000000000e+00 0.000000000000000000e+00 0.000000000000000000e+00 0.000000000000000000e+00 0.000000000000000000e+00
6.294102340402891439e-10 5.861253383766608322e-07 1.446781803460004424e-11 0.000000000000000000e+00 0.000000000000000000e+00 0.000000000000000000e+00 0.000000000000000000e+00 0.000000000000000000e+00 0.000000000000000000e+00 0.000000000000000000e+00 0.000000000000000000e+00 0.000000000000000000e+00
1.581048498865439663e-09 1.472362887240544679e-06 6.088592102136471823e-11 0.000000000000000000e+00 0.000000000000000000e+00 0.000000000000000000e+00 0.000000000000000000e+00 0.000000000000000000e+00 0.000000000000000000e+00 0.000000000000000000e+00 0.000000000000000000e+00 0.000000000000000000e+00
3.971468905868240328e-09 3.698639549583934180e-06 2.441054199021603696e-10 0.000000000000000000e+00 0.000000000000000000e+00 0.000000000000000000e+00 0.000000000000000000e+00 0.000000000000000000e+00 0.000000000000000000e+00 0.000000000000000000e+00 0.000000000000000000e+00 0.000000000000000000e+00
4.999380256722132294e-09 4.656010478918127890e-06 3.282409622258914141e-10 0.000000000000000000e+00 0.000000000000000000e+00 0.000000000000000000e+00 0.000000000000000000e+00 0.000000000000000000e+00 0.000000000000000000e+00 0.000000000000000000e+00 0.000000000000000000e+00 0.000000000000000000e+00
9.973660358163073830e-09 9.289176870220330307e-06 8.956565521851193109e-10 0.000000000000000000e+00 0.000000000000000000e+00 0.000000000000000000e+00 0.000000000000000000e+00 0.000000000000000000e+00 0.000000000000000000e+00 0.000000000000000000e+00 0.000000000000000000e+00 0.000000000000000000e+00
1.990381941106680583e-08 1.853927414299860537e-05 2.392370428240809487e-09 0.000000000000000000e+00 0.000000000000000000e+00 0.000000000000000000e+00 0.000000000000000000e+00 0.000000000000000000e+00 0.000000000000000000e+00 0.000000000000000000e+00 0.000000000000000000e+00 0.000000000000000000e+00
3.972096407186487315e-08 3.700161557850084582e-05 6.278958128907524927e-09 0.000000000000000000e+00 0.000000000000000000e+00 0.000000000000000000e+00 0.000000000000000000e+00 0.000000000000000000e+00 0.000000000000000000e+00 0.000000000000000000e+00 0.000000000000000000e+00 0.000000000000000000e+00
7.924185644526625101e-08 7.382674803514991616e-05 1.625288962989582065e-08 0.000000000000000000e+00 0.000000000000000000e+00 0.000000000000000000e+00 0.000000000000000000e+00 0.000000000000000000e+00 0.000000000000000000e+00 0.000000000000000000e+00 0.000000000000000000e+00 0.000000000000000000e+00
1.581014062974548210e-07 1.473227891064529476e-04 4.166831458110004531e-08 0.000000000000000000e+00 0.000000000000000000e+00 0.000000000000000000e+00 0.000000000000000000e+00 0.000000000000000000e+00 0.000000000000000000e+00 0.000000000000000000e+00 0.000000000000000000e+00 0.000000000000000000e+00
1.990332065649240837e-07 1.854762146379873263e-04 5.453830629263813069e-08 0.000000000000000000e+00 0.000000000000000000e+00 0.000000000000000000e+00 0.000000000000000000e+00 0.000000000000000000e+00 0.000000000000000000e+00 0.000000000000000000e+00 0.000000000000000000e+00 0.000000000000000000e+00
3.154996954632017587e-07 2.940529267101963154e-04 1.016741828229657894e-07 0.000000000000000000e+00 0.000000000000000000e+00 0.000000000000000000e+00 0.000000000000000000e+00 0.000000000000000000e+00 0.000000000000000000e+00 0.000000000000000000e+00 0.000000000000000000e+00 0.000000000000000000e+00
4.999340805688511618e-07 4.660304235995527686e-04 1.890553098654164511e-07 0.000000000000000000e+00 0.000000000000000000e+00 0.000000000000000000e+00 0.000000000000000000e+00 0.000000000000000000e+00 0.000000000000000000e+00 0.000000000000000000e+00 0.000000000000000000e+00 0.000000000000000000e+00
6.294585892124035601e-07 5.868281431127353800e-04 2.577119096844848225e-07 0.000000000000000000e+00 0.000000000000000000e+00 0.000000000000000000e+00 0.000000000000000000e+00 0.000000000000000000e+00 0.000000000000000000e+00 0.000000000000000000e+00 0.000000000000000000e+00 0.000000000000000000e+00
7.297274574874398766e-07 6.803515456614100910e-04 3.143223969898440068e-07 0.000000000000000000e+00 0.000000000000000000e+00 0.000000000000000000e+00 0.000000000000000000e+00 0.000000000000000000e+00 0.000000000000000000e+00 0.000000000000000000e+00 0.000000000000000000e+00 0.000000000000000000e+00
9.659711465461144224e-07 9.007289541009014201e-04 4.281675225080081816e-07 0.000000000000000000e+00 0.000000000000000000e+00 0.000000000000000000e+00 0.000000000000000000e+00 0.000000000000000000e+00 0.000000000000000000e+00 0.000000000000000000e+00 0.000000000000000000e+00 0.000000000000000000e+00
1.531070004157451857e-06 1.427999198871568844e-03 7.939199542714087288e-07 0.000000000000000000e+00 0.000000000000000000e+00 0.000000000000000000e+00 0.000000000000000000e+00 0.000000000000000000e+00 0.000000000000000000e+00 0.000000000000000000e+00 0.000000000000000000e+00 0.000000000000000000e+00
2.505626619317228544e-06 2.337628316711728906e-03 1.470499537942955253e-06 0.000000000000000000e+00 0.000000000000000000e+00 0.000000000000000000e+00 0.000000000000000000e+00 0.000000000000000000e+00 0.000000000000000000e+00 0.000000000000000000e+00 0.000000000000000000e+00 0.000000000000000000e+00
3.971413797704637994e-06 3.706298228870993135e-03 2.722546258279783944e-06 0.000000000000000000e+00 0.000000000000000000e+00 0.000000000000000000e+00 0.000000000000000000e+00 0.000000000000000000e+00 0.000000000000000000e+00 0.000000000000000000e+00 0.000000000000000000e+00 0.000000000000000000e+00
4.827274286138380232e-06 4.505692446695564596e-03 3.533942437959683086e-06 0.000000000000000000e+00 0.000000000000000000e+00 0.000000000000000000e+00 0.000000000000000000e+00 0.000000000000000000e+00 0.000000000000000000e+00 0.000000000000000000e+00 0.000000000000000000e+00 0.000000000000000000e+00
6.077362848021686108e-06 5.673568291326774697e-03 4.807210289149678193e-06 0.000000000000000000e+00 0.000000000000000000e+00 0.000000000000000000e+00 0.000000000000000000e+00 0.000000000000000000e+00 0.000000000000000000e+00 0.000000000000000000e+00 0.000000000000000000e+00 0.000000000000000000e+00
7.926254650878192173e-06 7.401304044220808481e-03 6.541101510034877971e-06 0.000000000000000000e+00 0.000000000000000000e+00 0.000000000000000000e+00 0.000000000000000000e+00 0.000000000000000000e+00 0.000000000000000000e+00 0.000000000000000000e+00 0.000000000000000000e+00 0.000000000000000000e+00
9.977036098743734542e-06 9.318233207720882580e-03 8.894150431106583618e-06 0.000000000000000000e+00 0.000000000000000000e+00 0.000000000000000000e+00 0.000000000000000000e+00 0.000000000000000000e+00 0.000000000000000000e+00 0.000000000000000000e+00 0.000000000000000000e+00 0.000000000000000000e+00
1.256090353358289281e-05 1.173416388057370828e-02 1.209604458630495521e-05 0.000000000000000000e+00 0.000000000000000000e+00 0.000000000000000000e+00 0.000000000000000000e+00 0.000000000000000000e+00 0.000000000000000000e+00 0.000000000000000000e+00 0.000000000000000000e+00 0.000000000000000000e+00
1.521435398308602299e-05 1.421586824015941969e-02 1.562249721337528375e-05 0.000000000000000000e+00 0.000000000000000000e+00 0.000000000000000000e+00 0.000000000000000000e+00 0.000000000000000000e+00 0.000000000000000000e+00 0.000000000000000000e+00 0.000000000000000000e+00 0.000000000000000000e+00
1.990419383179331593e-05 1.860349859298144476e-02 2.124609688946442796e-05 0.000000000000000000e+00 0.000000000000000000e+00 0.000000000000000000e+00 0.000000000000000000e+00 0.000000000000000000e+00 0.000000000000000000e+00 0.000000000000000000e+00 0.000000000000000000e+00 0.000000000000000000e+00
2.505588590454812837e-05 2.342493829200799002e-02 2.888570399660440199e-05 0.000000000000000000e+00 0.000000000000000000e+00 0.000000000000000000e+00 0.000000000000000000e+00 0.000000000000000000e+00 0.000000000000000000e+00 0.000000000000000000e+00 0.000000000000000000e+00 0.000000000000000000e+00
3.024372644183891530e-05 2.828186186236227723e-02 3.713073748396707510e-05 0.000000000000000000e+00 0.000000000000000000e+00 0.000000000000000000e+00 0.000000000000000000e+00 0.000000000000000000e+00 0.000000000000000000e+00 0.000000000000000000e+00 0.000000000000000000e+00 0.000000000000000000e+00
3.971489631294252662e-05 3.715204116605522883e-02 5.048756690331309045e-05 0.000000000000000000e+00 0.000000000000000000e+00 0.000000000000000000e+00 0.000000000000000000e+00 0.000000000000000000e+00 0.000000000000000000e+00 0.000000000000000000e+00 0.000000000000000000e+00 0.000000000000000000e+00
5.000572051927819280e-05 4.679401049918534977e-02 6.865659981906837119e-05 0.000000000000000000e+00 0.000000000000000000e+00 0.000000000000000000e+00 0.000000000000000000e+00 0.000000000000000000e+00 0.000000000000000000e+00 0.000000000000000000e+00 0.000000000000000000e+00 0.000000000000000000e+00
6.151156195027347913e-05 5.757897634388761676e-02 9.050188157968102058e-05 0.000000000000000000e+00 0.000000000000000000e+00 0.000000000000000000e+00 0.000000000000000000e+00 0.000000000000000000e+00 0.000000000000000000e+00 0.000000000000000000e+00 0.000000000000000000e+00 0.000000000000000000e+00
6.545403224642409152e-05 6.127524858629961046e-02 9.331056066318837419e-05 0.000000000000000000e+00 0.000000000000000000e+00 0.000000000000000000e+00 0.000000000000000000e+00 0.000000000000000000e+00 0.000000000000000000e+00 0.000000000000000000e+00 0.000000000000000000e+00 0.000000000000000000e+00
8.485433908990782943e-05 7.946932838130241206e-02 1.268898794837872677e-04 0.000000000000000000e+00 0.000000000000000000e+00 0.000000000000000000e+00 0.000000000000000000e+00 0.000000000000000000e+00 0.000000000000000000e+00 0.000000000000000000e+00 0.000000000000000000e+00 0.000000000000000000e+00
1.019519492347277132e-04 9.551075426350680297e-02 1.620919906637460002e-04 0.000000000000000000e+00 0.000000000000000000e+00 0.000000000000000000e+00 0.000000000000000000e+00 0.000000000000000000e+00 0.000000000000000000e+00 0.000000000000000000e+00 0.000000000000000000e+00 0.000000000000000000e+00
1.105168346141632461e-04 1.035488873676075339e-01 1.805044424334052385e-04 0.000000000000000000e+00 0.000000000000000000e+00 0.000000000000000000e+00 0.000000000000000000e+00 0.000000000000000000e+00 0.000000000000000000e+00 0.000000000000000000e+00 0.000000000000000000e+00 0.000000000000000000e+00
1.255844187872879518e-04 1.176923342961608138e-01 2.053456485497590154e-04 0.000000000000000000e+00 0.000000000000000000e+00 0.000000000000000000e+00 0.000000000000000000e+00 0.000000000000000000e+00 0.000000000000000000e+00 0.000000000000000000e+00 0.000000000000000000e+00 0.000000000000000000e+00
1.634719590837542221e-04 1.532723476940542062e-01 2.791827009006297967e-04 0.000000000000000000e+00 0.000000000000000000e+00 0.000000000000000000e+00 0.000000000000000000e+00 0.000000000000000000e+00 0.000000000000000000e+00 0.000000000000000000e+00 0.000000000000000000e+00 0.000000000000000000e+00
1.990403777809608840e-04 1.866906901919942185e-01 3.630061677706377960e-04 0.000000000000000000e+00 0.000000000000000000e+00 0.000000000000000000e+00 0.000000000000000000e+00 0.000000000000000000e+00 0.000000000000000000e+00 0.000000000000000000e+00 0.000000000000000000e+00 0.000000000000000000e+00
2.505848850474831483e-04 2.351442949511346747e-01 4.704849540328521389e-04 0.000000000000000000e+00 0.000000000000000000e+00 0.000000000000000000e+00 0.000000000000000000e+00 0.000000000000000000e+00 0.000000000000000000e+00 0.000000000000000000e+00 0.000000000000000000e+00 0.000000000000000000e+00
2.572113693247030097e-04 2.413751268152022067e-01 4.871497832616624325e-04 0.000000000000000000e+00 0.000000000000000000e+00 0.000000000000000000e+00 0.000000000000000000e+00 0.000000000000000000e+00 0.000000000000000000e+00 0.000000000000000000e+00 0.000000000000000000e+00 0.000000000000000000e+00
2.593089631205650492e-04 2.433475682279952201e-01 4.924550659749540567e-04 0.000000000000000000e+00 0.000000000000000000e+00 0.000000000000000000e+00 0.000000000000000000e+00 0.000000000000000000e+00 0.000000000000000000e+00 0.000000000000000000e+00 0.000000000000000000e+00 0.000000000000000000e+00
2.706132143204150451e-04 2.539780883517288590e-01 5.212908378989627696e-04 0.000000000000000000e+00 0.000000000000000000e+00 0.000000000000000000e+00 0.000000000000000000e+00 0.000000000000000000e+00 0.000000000000000000e+00 0.000000000000000000e+00 0.000000000000000000e+00 0.000000000000000000e+00
2.885428399989252652e-04 2.708415871015539822e-01 5.678524955944400359e-04 0.000000000000000000e+00 0.000000000000000000e+00 0.000000000000000000e+00 0.000000000000000000e+00 0.000000000000000000e+00 0.000000000000000000e+00 0.000000000000000000e+00 0.000000000000000000e+00 0.000000000000000000e+00
2.978395063206590570e-04 2.795866164570018353e-01 5.923816262570708382e-04 0.000000000000000000e+00 0.000000000000000000e+00 0.000000000000000000e+00 0.000000000000000000e+00 0.000000000000000000e+00 0.000000000000000000e+00 0.000000000000000000e+00 0.000000000000000000e+00 0.000000000000000000e+00
3.058049637442806839e-04 2.870800398609770765e-01 6.136027571102374437e-04 0.000000000000000000e+00 0.000000000000000000e+00 0.000000000000000000e+00 0.000000000000000000e+00 0.000000000000000000e+00 0.000000000000000000e+00 0.000000000000000000e+00 0.000000000000000000e+00 0.000000000000000000e+00
3.417650712421427782e-04 3.209131513595736007e-01 6.759554327641003821e-04 0.000000000000000000e+00 0.000000000000000000e+00 0.000000000000000000e+00 0.000000000000000000e+00 0.000000000000000000e+00 0.000000000000000000e+00 0.000000000000000000e+00 0.000000000000000000e+00 0.000000000000000000e+00
1.261599999999999874e-03 1.186889412125746723e+00 1.344857960274060005e-03 0.000000000000000000e+00 0.000000000000000000e+00 0.000000000000000000e+00 0.000000000000000000e+00 0.000000000000000000e+00 0.000000000000000000e+00 0.000000000000000000e+00 0.000000000000000000e+00 0.000000000000000000e+00
1.894699999999999813e-03 1.783393105595012518e+00 2.139089989999191834e-03 0.000000000000000000e+00 0.000000000000000000e+00 0.000000000000000000e+00 0.000000000000000000e+00 0.000000000000000000e+00 0.000000000000000000e+00 0.000000000000000000e+00 0.000000000000000000e+00 0.000000000000000000e+00
2.672599999999999802e-03 2.516657282751986191e+00 3.287964565335184473e-03 0.000000000000000000e+00 0.000000000000000000e+00 0.000000000000000000e+00 0.000000000000000000e+00 0.000000000000000000e+00 0.000000000000000000e+00 0.000000000000000000e+00 0.000000000000000000e+00 0.000000000000000000e+00
3.606199999999999944e-03 3.397180222820032292e+00 4.866879115901523792e-03 0.000000000000000000e+00 0.000000000000000000e+00 0.000000000000000000e+00 0.000000000000000000e+00 0.000000000000000000e+00 0.000000000000000000e+00 0.000000000000000000e+00 0.000000000000000000e+00 0.000000000000000000e+00
4.709699999999998957e-03 4.438435814520432565e+00 6.957410165301410390e-03 0.000000000000000000e+00 0.000000000000000000e+00 0.000000000000000000e+00 0.000000000000000000e+00 0.000000000000000000e+00 0.000000000000000000e+00 0.000000000000000000e+00 0.000000000000000000e+00 0.000000000000000000e+00
7.496300000000000012e-03 7.069896499165601256e+00 1.304100906017831470e-02 0.000000000000000000e+00 0.000000000000000000e+00 0.000000000000000000e+00 0.000000000000000000e+00 0.000000000000000000e+00 0.000000000000000000e+00 0.000000000000000000e+00 0.000000000000000000e+00 0.000000000000000000e+00
1.119699999999999862e-02 1.056806560046223709e+01 2.237019267377481427e-02 0.000000000000000000e+00 0.000000000000000000e+00 0.000000000000000000e+00 0.000000000000000000e+00 0.000000000000000000e+00 0.000000000000000000e+00 0.000000000000000000e+00 0.000000000000000000e+00 0.000000000000000000e+00
1.599899999999999586e-02 1.511326648469595568e+01 3.595795792887589160e-02 0.000000000000000000e+00 0.000000000000000000e+00 0.000000000000000000e+00 0.000000000000000000e+00 0.000000000000000000e+00 0.000000000000000000e+00 0.000000000000000000e+00 0.000000000000000000e+00 0.000000000000000000e+00
2.207299999999999887e-02 2.086774700515857006e+01 5.499830551142588508e-02 0.000000000000000000e+00 0.000000000000000000e+00 0.000000000000000000e+00 0.000000000000000000e+00 0.000000000000000000e+00 0.000000000000000000e+00 0.000000000000000000e+00 0.000000000000000000e+00 0.000000000000000000e+00
2.947699999999999973e-02 2.788933034786254339e+01 8.080881798704346586e-02 0.000000000000000000e+00 0.000000000000000000e+00 0.000000000000000000e+00 0.000000000000000000e+00 0.000000000000000000e+00 0.000000000000000000e+00 0.000000000000000000e+00 0.000000000000000000e+00 0.000000000000000000e+00
4.268399999999999278e-02 4.043126680177502408e+01 1.349414261898416456e-01 0.000000000000000000e+00 0.000000000000000000e+00 0.000000000000000000e+00 0.000000000000000000e+00 0.000000000000000000e+00 0.000000000000000000e+00 0.000000000000000000e+00 0.000000000000000000e+00 0.000000000000000000e+00
6.219999999999999141e-02 5.899880689704862391e+01 2.401420616398777519e-01 0.000000000000000000e+00 0.000000000000000000e+00 0.000000000000000000e+00 0.000000000000000000e+00 0.000000000000000000e+00 0.000000000000000000e+00 0.000000000000000000e+00 0.000000000000000000e+00 0.000000000000000000e+00
7.500000000000002498e-02 7.116285812359346608e+01 3.649530421654205159e-01 8.048122767496531651e+02 8.048122767496531651e+02 8.713861900434295649e+02 9.537041488767845294e+02 3.269015662445134973e-02 8.231637277335730118e+01 2.546062696088761470e+02 2.583481872272508806e+00 -1.070603099556757797e+03
7.999999999999998779e-02 7.593329865883085006e+01 4.244437451175505638e-01 7.972013564188670216e+02 7.972013564188670216e+02 8.686520799553663892e+02 9.544717800493549476e+02 3.472701726499644037e-02 8.581817875191333655e+01 2.599601923040987685e+02 2.511734643933257072e+00 -1.062196006725385587e+03
8.500000000000000611e-02 8.070757618004869016e+01 4.877876978693199694e-01 7.896975201222758187e+02 7.896975201222758187e+02 8.660802080531512956e+02 9.552395750343293912e+02 3.665052446922051343e-02 8.915790262538473598e+01 2.650906442691600091e+02 2.461873210566993819e+00 -1.056853638023370650e+03
9.000000000000001055e-02 8.548570120592070509e+01 5.553296664827435114e-01 7.822950265449397875e+02 7.822950265449397875e+02 8.636655011729909575e+02 9.560114541378160311e+02 3.846012880004195944e-02 9.234453914041186806e+01 2.700205013249212698e+02 2.429993141081473684e+00 -1.054003910310507763e+03
9.500000000000000111e-02 9.026770436618330962e+01 6.274903061991414788e-01 7.749886788651720053e+02 7.749886788651720053e+02 8.614034575208031583e+02 9.567915228671837440e+02 4.015682889241856124e-02 9.538669661225615926e+01 2.747692311652144781e+02 2.413301716879485692e+00 -1.053204408333700258e+03
9.999999999999999167e-02 9.505363706903125376e+01 7.047601764455952988e-01 7.677737604432469425e+02 7.677737604432469425e+02 8.592900528528725772e+02 9.575839724547689684e+02 4.174283519641946993e-02 9.829259133209151855e+01 2.793535289682203597e+02 2.409636936801608176e+00 -1.054105945351513583e+03
1.050000000000000100e-01 9.984357172708848793e+01 7.876934892993672221e-01 7.606459800917153871e+02 7.606459800917153871e+02 8.573216590100224721e+02 9.583930020608364657e+02 4.322129232146482147e-02 1.010700512821101853e+02 2.837878104736302021e+02 2.417199456317659756e+00 -1.056428012541794942e+03
1.100000000000000006e-01 1.046376016400970030e+02 8.769018083482333914e-01 7.536014252381145297e+02 7.536014252381145297e+02 8.554949732013876655e+02 9.592227586222292075e+02 4.459605182821652081e-02 1.037265267344140369e+02 2.880845996985684678e+02 2.434402617408821357e+00 -1.059941745522818337e+03
1.150000000000000050e-01 1.094358406134678603e+02 9.730478290575030886e-01 7.466365216287450721e+02 7.466365216287450721e+02 8.538069566733308875e+02 9.600772908045685199e+02 4.587148760657172586e-02 1.062691055596031617e+02 2.922548374916775060e+02 2.459791110089288857e+00 -1.064457815862116377e+03
1.200000000000000233e-01 1.142384223755463779e+02 1.076839315269009001e+00 7.397479984862094398e+02 7.397479984862094398e+02 8.522547816199564750e+02 9.609605140901278446e+02 4.705234665845925424e-02 1.087045314232533855e+02 2.963081297481131173e+02 2.492000645625148891e+00 -1.069817647871451982e+03
1.250000000000000000e-01 1.190454998430218581e+02 1.189023230553444499e+00 7.329328582399974721e+02 7.329328582399974721e+02 8.508357853817353771e+02 9.618761845886024275e+02 4.814362895977863932e-02 1.110392234126921807e+02 3.002529490415216742e+02 2.529742177614748400e+00 -1.075886938788396037e+03
1.300000000000000044e-01 1.238572442731285861e+02 1.310380082975983962e+00 7.261883501135104098e+02 7.261883501135104098e+02 8.495474311479420066e+02 9.628278796623432072e+02 4.915049097431967162e-02 1.132792959710528180e+02 3.040967998804110266e+02 2.571800296534065833e+00 -1.082550809624349313e+03
1.350000000000000366e-01 1.286738443328317203e+02 1.441718491029457150e+00 7.195119469807025325e+02 7.195119469807025325e+02 8.483872745116353826e+02 9.638189838804530609e+02 5.007816825715744047e-02 1.154305783052335244e+02 3.078463552664387066e+02 2.617039000772213075e+00 -1.089710132015635054e+03
1.400000000000000133e-01 1.334955051086939761e+02 1.583869975595670443e+00 7.129013250099601464e+02 7.129013250099601464e+02 8.473529353417976608e+02 9.648526791734968810e+02 5.093191337355718051e-02 1.174986326753932531e+02 3.115075703994875198e+02 2.664410344598152403e+00 -1.097278716450828142e+03
1.450000000000000178e-01 1.383224470761972782e+02 1.737683983048644132e+00 7.063543456962047458e+02 7.063543456962047458e+02 8.464420745185259420e+02 9.659319383396276635e+02 5.171694605660570598e-02 1.194887711714325889e+02 3.150857780271530260e+02 2.712963032475066427e+00 -1.105181139579158753e+03
1.499999999999999944e-01 1.431549050436310040e+02 1.904023147845320452e+00 6.998690399499331534e+02 6.998690399499331534e+02 8.456523751426306035e+02 9.670595212765123279e+02 5.243841312523001008e-02 1.214060707396942149e+02 3.185857689330205744e+02 2.761849188957444579e+00 -1.113351050553973664e+03
1.549999999999999989e-01 1.479931270829726770e+02 2.083758806495354943e+00 6.934435939661185557e+02 6.934435939661185557e+02 8.449815278701496482e+02 9.682379734804329701e+02 5.310135619302275289e-02 1.232553863510406842e+02 3.220118603016306338e+02 2.810328371967250494e+00 -1.121729839258247921e+03
1.600000000000000033e-01 1.528373734582053771e+02 2.277766778433753636e+00 6.870763366406722525e+02 6.870763366406722525e+02 8.444272200487574764e+02 9.694696264789942006e+02 5.371068561898273419e-02 1.250413623003900625e+02 3.253679541220051874e+02 2.857768514159498174e+00 -1.130265579476819312e+03
1.650000000000000078e-01 1.576879155601301363e+02 2.486923432127169153e+00 6.807657283376171335e+02 6.807657283376171335e+02 8.439871283432672726e+02 9.707565999530773979e+02 5.427115949664917949e-02 1.267684417049749896e+02 3.286575873485792840e+02 2.903643906765710714e+00 -1.138912181727453117e+03
1.700000000000000122e-01 1.625450348555912967e+02 2.712102055807277257e+00 6.745103508402050920e+02 6.745103508402050920e+02 8.436589145366865523e+02 9.721008053611703872e+02 5.478736676063439281e-02 1.284408743299646005e+02 3.318839751944365730e+02 2.947530600116374799e+00 -1.147628706248917979e+03
1.750000000000000167e-01 1.674090218582771001e+02 2.954169552404031229e+00 6.683088983425515153e+02 6.683088983425515153e+02 8.434402241881941791e+02 9.735039509181794983e+02 5.526371370846600017e-02 1.300627229107859080e+02 3.350500486637515110e+02 2.989099744067722941e+00 -1.156378798488125312e+03
1.800000000000000488e-01 1.722801751275256947e+02 3.213983476227324498e+00 6.621601693583517090e+02 6.621601693583517090e+02 8.433286878175833863e+02 9.749675477986287433e+02 5.570441341169890537e-02 1.316378681731970630e+02 3.381584872191713202e+02 3.028109436519847986e+00 -1.165130218303903121e+03
1.849999999999999978e-01 1.771588003009551358e+02 3.492389425943633441e+00 6.560630594394116315e+02 6.560630594394116315e+02 8.433219242770977644e+02 9.764929174426966938e+02 5.611347762074309076e-02 1.331700127685878101e+02 3.412117473135554064e+02 3.064395631548795240e+00 -1.173854440988689248e+03
1.900000000000000022e-01 1.820452091661198608e+02 3.790218803599769259e+00 6.500165546098148752e+02 6.500165546098148752e+02 8.434175459606578897e+02 9.780811998406301200e+02 5.649471086681701060e-02 1.346626843501143469e+02 3.442120873833606538e+02 3.097862600100236730e+00 -1.182526313444076322e+03
1.949999999999999789e-01 1.869397187757709560e+02 4.108286944219267767e+00 6.440197254328926419e+02 6.440197254328926419e+02 8.436131654988136006e+02 9.797333626666168129e+02 5.685170653289611797e-02 1.361192380123950727e+02 3.471615897961330006e+02 3.128473350599845215e+00 -1.191123753058560396e+03
2.000000000000000111e-01 1.918426506106211775e+02 4.447391614125367987e+00 6.380717216372794383e+02 6.380717216372794383e+02 8.439064035878179766e+02 9.814502111237329700e+02 5.718784471306176398e-02 1.375428583080575606e+02 3.500621801608253350e+02 3.156240336690268933e+00 -1.199627479979263171e+03
2.049999999999999878e-01 1.967543297928128823e+02 4.808311869977192288e+00 6.321717672362547091e+02 6.321717672362547091e+02 8.442948976114698780e+02 9.832323983550737694e+02 5.750629170845539262e-02 1.389365610375890867e+02 3.529156443428575471e+02 3.181216688036630380e+00 -1.208020776010926284e+03
2.100000000000000200e-01 2.016750843525405230e+02 5.191807263985747767e+00 6.263191560814327659e+02 6.263191560814327659e+02 8.447763107285978776e+02 9.850804362691726510e+02 5.781000102462213741e-02 1.403031949877776015e+02 3.557236434722053673e+02 3.203488124279923355e+00 -1.216289265223623943e+03
2.149999999999999967e-01 2.066052445495168968e+02 5.598617375067585833e+00 6.205132477976291057e+02 6.205132477976291057e+02 8.453483411226245607e+02 9.869947066259742314e+02 5.810171574141431705e-02 1.416454437685223695e+02 3.584877271897801734e+02 3.223165651044879176e+00 -1.224420712834828009e+03
2.200000000000000011e-01 2.115451422502007404e+02 6.029461640561489588e+00 6.147534640511893258e+02 6.147534640511893258e+02 8.460087311379949142e+02 9.889754722307374095e+02 5.838397212774371070e-02 1.429658278706914416e+02 3.612093453425308098e+02 3.240379081969252173e+00 -1.232404839900658772e+03
2.250000000000000056e-01 2.164951103609544703e+02 6.485039458754632058e+00 6.090392851085154007e+02 6.090392851085154007e+02 8.467552760606063202e+02 9.910228880875956747e+02 5.865910437104238095e-02 1.442667070395751523e+02 3.638898583093923094e+02 3.255271391492316813e+00 -1.240233152143838652e+03
2.300000000000000100e-01 2.214554823165761377e+02 6.966030529509033897e+00 6.033702466460781579e+02 6.033702466460781579e+02 8.475858323369931213e+02 9.931370123742835858e+02 5.892925028763729145e-02 1.455502830307137287e+02 3.665305461170058834e+02 3.267993873514066561e+00 -1.247898781665807746e+03
2.350000000000000144e-01 2.264265916229940956e+02 7.473095398174097070e+00 5.977459367770164818e+02 5.977459367770164818e+02 8.484983250648193689e+02 9.953178171113540884e+02 5.919635787739191413e-02 1.468186027888685601e+02 3.691326164848474605e+02 3.278702060580538369e+00 -1.255396340648649129e+03
2.399999999999999911e-01 2.314087714523023749e+02 8.006876166859365540e+00 5.921659932630578851e+02 5.921659932630578851e+02 8.494907546251018857e+02 9.975651984131737890e+02 5.946219258442941857e-02 1.480735620670338335e+02 3.716972119232262912e+02 3.287552345251120389e+00 -1.262721786287649365e+03
2.449999999999999956e-01 2.364023542878073556e+02 8.567997337630700372e+00 5.866301008839681117e+02 5.866301008839681117e+02 8.505612023655389748e+02 9.998789862262780161e+02 5.972834512666619355e-02 1.493169094816638562e+02 3.742254159937988902e+02 3.294699237297980865e+00 -1.269872296289111318e+03
2.500000000000000000e-01 2.414076716163178844e+02 9.157066752886516170e+00 5.811379889398697287e+02 5.811379889398697287e+02 8.517078352778515864e+02 1.002258953476817624e+03 5.999623976034856865e-02 1.505502509829583460e+02 3.767182588302770796e+02 3.300293187338970036e+00 -1.276846154289603646e+03
2.550000000000000044e-01 2.464250536645670309e+02 9.774676600309916807e+00 5.756894288645727329e+02 5.756894288645727329e+02 8.529289096455634080e+02 1.004704824568145000e+03 6.026714285127232618e-02 1.517750547048482019e+02 3.791767220065702304e+02 3.304478908271283988e+00 -1.283642644535615545e+03
2.600000000000000089e-01 2.514548291764060934e+02 1.042140445188699971e+01 5.702842319310134371e+02 5.702842319310134371e+02 8.542227736645427285e+02 1.007216283185742441e+03 6.054217163318403871e-02 1.529926561495237536e+02 3.816017428301810810e+02 3.307394127186558563e+00 -1.290261955186713521e+03
2.650000000000000133e-01 2.564973252272379227e+02 1.109781430997251483e+01 5.649222470321428773e+02 5.649222470321428773e+02 8.555878690653850072e+02 1.009792979385699482e+03 6.082230304312241653e-02 1.542042636536790212e+02 3.839942181303968027e+02 3.309168704287112295e+00 -1.296705089517763781e+03
2.700000000000000178e-01 2.615528670720760260e+02 1.180445763596040365e+01 5.596033585230541121e+02 5.596033585230541121e+02 8.570227317828404239e+02 1.012434535955690421e+03 6.110838253554068400e-02 1.554109640801870000e+02 3.863550076031456229e+02 3.309924061909813808e+00 -1.302973784384524151e+03
2.750000000000000222e-01 2.666217780235965051e+02 1.254187434101764609e+01 5.543274841122237149e+02 5.543274841122237149e+02 8.585259917351053218e+02 1.015140554053142523e+03 6.140113278883263526e-02 1.566137286770975550e+02 3.886849367675686722e+02 3.309772870654765775e+00 -1.309070435261556213e+03
2.800000000000000266e-01 2.717043793566027716e+02 1.331059372135766594e+01 5.490945727916224541e+02 5.490945727916224541e+02 8.600963717848845818e+02 1.017910618135572577e+03 6.170116223100863273e-02 1.578134190470136957e+02 3.909847995830261311e+02 3.308818944169030996e+00 -1.314998027197057809e+03
2.849999999999999756e-01 2.768009902354245355e+02 1.411113532415899030e+01 5.439046027972294723e+02 5.439046027972294723e+02 8.617326859629929459e+02 1.020744300209065159e+03 6.200897332347249380e-02 1.590107931720824297e+02 3.932553607696085010e+02 3.307157303398982950e+00 -1.320760071112813876e+03
2.900000000000000355e-01 2.819119276609230269e+02 1.494400973307795866e+01 5.387575795930873710e+02 5.387575795930873710e+02 8.634338370376415241e+02 1.023641163427589618e+03 6.232497055453362078e-02 1.602065114440995615e+02 3.954973578699751897e+02 3.304874372517924375e+00 -1.326360544854853288e+03
2.949999999999999289e-01 2.870375064339488631e+02 1.580971926548178175e+01 5.336535338734308880e+02 5.336535338734308880e+02 8.651988135151447068e+02 1.026600765082815542e+03 6.264946810543031708e-02 1.614011426537171587e+02 3.977115030857029865e+02 3.302048276444546904e+00 -1.331803838521834678e+03
2.999999999999999889e-01 2.921780391323147228e+02 1.670875857586965552e+01 5.285925195788304336e+02 5.285925195788304336e+02 8.670266861553387798e+02 1.029622659027281543e+03 6.298269716238669158e-02 1.625951698982680114e+02 3.998984849170722100e+02 3.298749213345729903e+00 -1.337094703608723194e+03
3.049999999999999933e-01 2.973338360985679287e+02 1.764161516276291053e+01 5.235746119233305080e+02 5.235746119233305080e+02 8.689166040839483003e+02 1.032706397578133647e+03 6.332481285751895284e-02 1.637889963732019680e+02 4.020589696314581261e+02 3.295039880168940449e+00 -1.342238205587907032e+03
3.099999999999999978e-01 3.025052054360755847e+02 1.860876977795370735e+01 5.185999054308080076e+02 5.185999054308080076e+02 8.708677905782311655e+02 1.035851532948481008e+03 6.367590082980884025e-02 1.649829510178719829e+02 4.041936025821059388e+02 3.290975933233879935e+00 -1.347239679597162194e+03
3.150000000000000022e-01 3.076924530111903096e+02 1.961069673890655807e+01 5.136685119796662775e+02 5.136685119796662775e+02 8.728795385976128500e+02 1.039057618254275667e+03 6.403598340440580516e-02 1.661772939918364216e+02 4.063030093960870772e+02 3.286606468250246049e+00 -1.352104688946607894e+03
3.200000000000000067e-01 3.128958824594893144e+02 2.064786414704741446e+01 5.087805588558944123e+02 5.087805588558944123e+02 8.749512061269293781e+02 1.042324208145427065e+03 6.440502539418363481e-02 1.673722219627756260e+02 4.083877970476441988e+02 3.281974509180586530e+00 -1.356838986232819025e+03
3.250000000000000111e-01 3.181157951943217199e+02 2.172073401508555790e+01 5.039361868153171145e+02 5.039361868153171145e+02 8.770822113909855489e+02 1.045650859105868221e+03 6.478293953252567405e-02 1.685678731920666564e+02 4.104485548307980594e+02 3.277117494541311515e+00 -1.361448476847579286e+03
3.300000000000000155e-01 3.233524904161258178e+02 2.282976230839793175e+01 4.991355481567294419e+02 4.991355481567294419e+02 8.792720279960043399e+02 1.049037129468253625e+03 6.516959154979123925e-02 1.697643324080653997e+02 4.124858552431338126e+02 3.272067755975229364e+00 -1.365939184736677817e+03
3.350000000000000200e-01 3.286062651211931325e+02 2.397539890566682885e+01 4.943788048080457429e+02 4.943788048080457429e+02 8.815201800455915873e+02 1.052482579184656288e+03 6.556480490873589639e-02 1.709616354608774031e+02 4.145002547909627992e+02 3.266852981443964410e+00 -1.370317220280395759e+03
3.400000000000000244e-01 3.338774141087587850e+02 2.515808748498717407e+01 4.896661264284995809e+02 4.896661264284995809e+02 8.838262372743932929e+02 1.055986769393370196e+03 6.596836521607069015e-02 1.721597737555504750e+02 4.164922947245860883e+02 3.261496660656166835e+00 -1.374588750188896029e+03
3.450000000000000844e-01 3.391662299854946241e+02 2.637826534195102823e+01 4.849976885301909419e+02 4.849976885301909419e+02 8.861898102366834564e+02 1.059549261818682908e+03 6.638002432855732993e-02 1.733586984632866574e+02 4.184625017111389980e+02 3.256018508809701562e+00 -1.378759969323180030e+03
3.500000000000000333e-01 3.444730031666550758e+02 2.763636314650996084e+01 4.803736706229992137e+02 4.803736706229992137e+02 8.886105455821603982e+02 1.063169618037614100e+03 6.679950417257940476e-02 1.745583245124135203e+02 4.204113884514397341e+02 3.250434867168944031e+00 -1.382837074377747058e+03
3.550000000000000377e-01 3.497980218732892581e+02 2.893280464574328192e+01 4.757942543871160410e+02 4.757942543871160410e+02 8.910881214469695806e+02 1.066847398645161775e+03 6.722650029625787393e-02 1.757585343626411429e+02 4.223394542463738048e+02 3.244759079433456872e+00 -1.386826239347743922e+03
3.600000000000000422e-01 3.551415721250866682e+02 3.026800631968045963e+01 4.712596218779153787e+02 4.712596218779153787e+02 8.936222429836819856e+02 1.070582162346575615e+03 6.766068517272200156e-02 1.769591815673746567e+02 4.242471855176188456e+02 3.239001843072999431e+00 -1.390733592741311668e+03
3.649999999999999911e-01 3.605039377285575597e+02 3.164237699741472909e+01 4.667699537681391462e+02 4.667699537681391462e+02 8.962126380503466407e+02 1.074373465002663579e+03 6.810171127263842106e-02 1.781600941299874705e+02 4.261350562868781822e+02 3.233171536200058593e+00 -1.394565196469510511e+03
3.699999999999999956e-01 3.658854002603673621e+02 3.305631744062810640e+01 4.623254276325756678e+02 4.623254276325756678e+02 8.988590530753530174e+02 1.078220858651339086e+03 6.854921392305363126e-02 1.793610776605411274e+02 4.280035286173055056e+02 3.227274519565365374e+00 -1.398327026381564337e+03
3.750000000000000000e-01 3.712862390457675019e+02 3.451021990144812435e+01 4.579262162805559910e+02 4.579262162805559910e+02 9.015612491114808336e+02 1.082123890525908564e+03 6.900281396867280481e-02 1.805619183400209806e+02 4.298530530203604485e+02 3.221315415074104127e+00 -1.402024954386503623e+03
3.800000000000000044e-01 3.767067311321466150e+02 3.600446766173631374e+01 4.535724861417127727e+02 4.535724861417127727e+02 9.043189980911238308e+02 1.086082102089165346e+03 6.946212025030318316e-02 1.817623856992295543e+02 4.316840688310305154e+02 3.215297361133691467e+00 -1.405664732123109843e+03
3.850000000000000089e-01 3.821471512578241345e+02 3.753943456006762602e+01 4.492643957104255605e+02 4.492643957104255605e+02 9.071320792903179608e+02 1.090095028098420016e+03 6.992673191421772128e-02 1.829622352198096564e+02 4.334970045540284787e+02 3.209222245824520758e+00 -1.409251976126761292e+03
3.900000000000000133e-01 3.876077718162804899e+02 3.911548451330059351e+01 4.450020940542866583e+02 4.450020940542866583e+02 9.100002760098134331e+02 1.094162195716874294e+03 7.039624056459814483e-02 1.841612107645435117e+02 4.352922781834014359e+02 3.203090919277700177e+00 -1.412792154459168842e+03
3.950000000000000178e-01 3.930888628160805638e+02 4.073297103824996412e+01 4.407857193918249550e+02 4.407857193918249550e+02 9.129233724764440012e+02 1.098283123681849474e+03 7.087023227030170291e-02 1.853590468442338874e+02 4.370702974977467647e+02 3.196903385805627718e+00 -1.416290574737817678e+03
4.000000000000000222e-01 3.985906918368048082e+02 4.239223677965611614e+01 4.366153977445146666e+02 4.366153977445146666e+02 9.159011509692123809e+02 1.102457321541152396e+03 7.134828943565957315e-02 1.865554707279837601e+02 4.388314603331313037e+02 3.190658977432093923e+00 -1.419752373533414584e+03
4.050000000000000266e-01 4.041135239813492035e+02 4.409361304959832495e+01 4.324912416677889837e+02 4.324912416677889837e+02 9.189333891710457465e+02 1.106684288965302585e+03 7.182999254414978996e-02 1.877502044036867233e+02 4.405761548356364870e+02 3.184356509126838652e+00 -1.423182507084641429e+03
4.100000000000000311e-01 4.096576218249916792e+02 4.583741938361796997e+01 4.284133490654527350e+02 4.284133490654527350e+02 9.220198577471586532e+02 1.110963515142949973e+03 7.231492178250592540e-02 1.889429663950762404e+02 4.423047596953787206e+02 3.177994418003711186e+00 -1.426585743275460345e+03
4.150000000000000355e-01 4.152232453616521184e+02 4.762396311784168290e+01 4.243818020915343823e+02 4.243818020915343823e+02 9.251603181482237233e+02 1.115294478263840574e+03 7.280265855200890313e-02 1.901334734415368359e+02 4.440176443637388957e+02 3.171570886396863020e+00 -1.429966654837244960e+03
4.200000000000000955e-01 4.208106519477985898e+02 4.945353899168585343e+01 4.203966661430561658e+02 4.203966661430561658e+02 9.283545206371849190e+02 1.119676645094010382e+03 7.329278687270340820e-02 1.913214420464831846e+02 4.457151692554669467e+02 3.165083950363420051e+00 -1.433329613725724357e+03
4.250000000000000444e-01 4.264200962444598417e+02 5.132642877972688922e+01 4.164579889468371334e+02 4.164579889468371334e+02 9.316022025360092584e+02 1.124109470645145166e+03 7.378489468565413434e-02 1.925065898999713738e+02 4.473976859372325521e+02 3.158531594550520349e+00 -1.436678786614174214e+03
4.299999999999999933e-01 4.320518301578280784e+02 5.324290095608795070e+01 4.125657997427417172e+02 4.125657997427417172e+02 9.349030866883044837e+02 1.128592397939340344e+03 7.427857505756613188e-02 1.936886371808480192e+02 4.490655373041354324e+02 3.151911834609396390e+00 -1.440018131468078536e+03
4.349999999999999978e-01 4.377061027789225705e+02 5.520321039428424115e+01 4.087201085653748578e+02 4.087201085653748578e+02 9.382568801328303607e+02 1.133124857869440802e+03 7.477342729159103252e-02 1.948673077435736332e+02 4.507190577456095184e+02 3.145222787390688612e+00 -1.443351395143515219e+03
4.399999999999999467e-01 4.433831603227876599e+02 5.720759810508406673e+01 4.049209056254504162e+02 4.049209056254504162e+02 9.416632729822795227e+02 1.137706269154254414e+03 7.526905794769772617e-02 1.960423301946761399e+02 4.523585733020767066e+02 3.138462730696173431e+00 -1.446682111961695909e+03
4.449999999999999512e-01 4.490832460677088420e+02 5.925629101396661724e+01 4.011681607915713244e+02 4.011681607915713244e+02 9.451219374996264833e+02 1.142336038385787106e+03 7.576508177559587720e-02 1.972134388636061146e+02 4.539844018136392947e+02 3.131630152676118772e+00 -1.450013603209172516e+03
4.500000000000000111e-01 4.548066002948823439e+02 6.134950178039405699e+01 3.974618231724367661e+02 3.974618231724367661e+02 9.486325273663418329e+02 1.147013560167280730e+03 7.626112256288924973e-02 1.983803746725976680e+02 4.555968530620238539e+02 3.124723792192140248e+00 -1.453348977512336432e+03
4.550000000000000711e-01 4.605534602289983468e+02 6.348742865935604840e+01 3.938018207989237567e+02 3.938018207989237567e+02 9.521946771327922079e+02 1.151738217337042670e+03 7.675681390098071377e-02 1.995428859100671275e+02 4.571962289069078906e+02 3.117742670519430881e+00 -1.456691132042175923e+03
4.600000000000000200e-01 4.663240599801480357e+02 6.567025540630797309e+01 3.901880604048064356e+02 3.901880604048064356e+02 9.558080018433603300e+02 1.156509381274904399e+03 7.725179987110047941e-02 2.007007289119737550e+02 4.587828234176794240e+02 3.110686115751217340e+00 -1.460042754484658872e+03
4.650000000000000244e-01 4.721186304874591428e+02 6.789815122544837322e+01 3.866204273043078388e+02 3.866204273043078388e+02 9.594720968263238774e+02 1.161326412285822244e+03 7.774573565279696563e-02 2.018536686555269739e+02 4.603569230015929747e+02 3.103553779748012609e+00 -1.463406325739759268e+03
4.700000000000000289e-01 4.779373994648328221e+02 7.017127076156970134e+01 3.830987853640884282e+02 3.830987853640884282e+02 9.631865376398935723e+02 1.166188660056175650e+03 7.823828805708099576e-02 2.030014792694574624e+02 4.619188065292201486e+02 3.096345649147320245e+00 -1.466784123287653301e+03
4.750000000000000333e-01 4.837805913491315550e+02 7.248975413444372862e+01 3.796229770667176808e+02 3.796229770667176808e+02 9.669508801631807273e+02 1.171095464175947427e+03 7.872913598666142487e-02 2.041439444652173449e+02 4.634687454579720338e+02 3.089062050659800551e+00 -1.470178225175133321e+03
4.800000000000000377e-01 4.896484272511294762e+02 7.485372701566977582e+01 3.761928236621576502e+02 3.761928236621576502e+02 9.707646608237481587e+02 1.176046154722498613e+03 7.921797082551496061e-02 2.052808578932190358e+02 4.650070039544259544e+02 3.081703651187692738e+00 -1.473590514564100658e+03
4.849999999999999867e-01 4.955411249095229778e+02 7.726330074582016039e+01 3.728081254033480150e+02 3.728081254033480150e+02 9.746273969490771378e+02 1.181040052897619034e+03 7.970449676037100195e-02 2.064120234284121125e+02 4.665338390160613358e+02 3.074271453888905103e+00 -1.477022684797788770e+03
4.899999999999999911e-01 5.014588986482531254e+02 7.971857249148023072e+01 3.694686618614494478e+02 3.694686618614494478e+02 9.785385872337786850e+02 1.186076471713745832e+03 8.018843103653805482e-02 2.075372553892451606e+02 4.680495005929680019e+02 3.066766789994925357e+00 -1.480476244925467427e+03
4.949999999999999956e-01 5.074019593373509451e+02 8.221962543944417234e+01 3.661741923162233547e+02 3.661741923162233547e+02 9.824977123098703942e+02 1.191154716720802298e+03 8.066950415093881999e-02 2.086563786943118544e+02 4.695542317099503862e+02 3.059191307712322505e+00 -1.483952525639146188e+03
5.000000000000000000e-01 5.133705143575241436e+02 8.476652902683701996e+01 3.629244562162638204e+02 3.629244562162638204e+02 9.865042354109881444e+02 1.196274086768726193e+03 8.114745998494549140e-02 2.097692289606069096e+02 4.710482685894392034e+02 3.051546957987211872e+00 -1.487452685566791615e+03
5.050000000000000044e-01 5.193647675686235061e+02 8.735933920459233093e+01 3.597191737039564714e+02 3.597191737039564714e+02 9.905576031193368181e+02 1.201433874798451370e+03 8.162205588006421486e-02 2.108756525475705530e+02 4.725318407754850227e+02 3.043835978174220358e+00 -1.490977717875922053e+03
5.100000000000000089e-01 5.253849192821245424e+02 8.999809873239523483e+01 3.565580461996206054e+02 3.565580461996206054e+02 9.946572461858939960e+02 1.206633368655925096e+03 8.209306265944649184e-02 2.119755065508946927e+02 4.740051712590656052e+02 3.036060873640162860e+00 -1.494528457133008487e+03
5.150000000000000133e-01 5.314311662377193670e+02 9.268283750180887637e+01 3.534407570392268667e+02 3.534407570392268667e+02 9.988025804121826923e+02 1.211871851921417374e+03 8.256026459837839671e-02 2.130686587500698863e+02 4.754684766048576989e+02 3.028224398058394051e+00 -1.498105586377462259e+03
5.200000000000000178e-01 5.375037015840892991e+02 9.541357288614841536e+01 3.503669721599269451e+02 3.503669721599269451e+02 1.002993007586049202e+03 1.217148604750457480e+03 8.302345934691496288e-02 2.141549875135233094e+02 4.769219670795679917e+02 3.020329532442668441e+00 -1.501709644352902160e+03
5.250000000000001332e-01 5.436027148638866038e+02 9.819031011332931769e+01 3.473363408277417648e+02 3.473363408277417648e+02 1.007227916459776566e+03 1.222462904718506479e+03 8.348245780801161198e-02 2.152343816652183079e+02 4.783658467818419808e+02 3.012379463331646079e+00 -1.505341032865728721e+03
5.300000000000000266e-01 5.497283920029553883e+02 1.010130426598853575e+02 3.443484964015401033e+02 3.443484964015401033e+02 1.011506683763145020e+03 1.227814027665737285e+03 8.393708397433996549e-02 2.163067403163099698e+02 4.798003137737484849e+02 3.004377560876629882e+00 -1.509000024214751875e+03
5.350000000000000311e-01 5.558809153037520900e+02 1.038817526631741543e+02 3.414030571278304933e+02 3.414030571278304933e+02 1.015828675242305053e+03 1.233201248536310686e+03 8.438717472728712865e-02 2.173719726655919544e+02 4.812255602137425399e+02 2.996327356254432583e+00 -1.512686768650542717e+03
5.400000000000000355e-01 5.620604634429428188e+02 1.067964113488025930e+02 3.384996269606986630e+02 3.384996269606986630e+02 1.020193246715689838e+03 1.238623842206935933e+03 8.483257960138501641e-02 2.184299977721308039e+02 4.826417724910083962e+02 2.988232519434692591e+00 -1.516401301841303848e+03
5.450000000000000400e-01 5.682672114731087731e+02 1.097569794713755726e+02 3.356377964015636621e+02 3.356377964015636621e+02 1.024599745140745881e+03 1.244081084301806413e+03 8.527316051753125459e-02 2.194807443034702885e+02 4.840491313610289694e+02 2.980096837358481299e+00 -1.520143552289976469e+03
5.500000000000000444e-01 5.745013308284835603e+02 1.127634077648826576e+02 3.328171433535569008e+02 3.328171433535569008e+02 1.029047509682240161e+03 1.249572251987938216e+03 8.570879148833399075e-02 2.205241502626581678e+02 4.854478120821900688e+02 2.971924192183227120e+00 -1.523913348681730213e+03
5.550000000000000488e-01 5.807629893346102108e+02 1.158156374015827339e+02 3.300372339855591690e+02 3.300372339855591690e+02 1.033535872778148587e+03 1.255096624749897046e+03 8.613935829872115812e-02 2.215601626970868381e+02 4.868379845532306831e+02 2.963718540571718574e+00 -1.527710427122142619e+03
5.600000000000000533e-01 5.870523512218161386e+02 1.189136004559750575e+02 3.272976236011930382e+02 3.272976236011930382e+02 1.038064161195095039e+03 1.260653485138912856e+03 8.656475816508857335e-02 2.225887373921671042e+02 4.882198134512898378e+02 2.955483893372871762e+00 -1.531534438247448634e+03
5.650000000000000577e-01 5.933695771423598444e+02 1.220572203718423907e+02 3.245978575083036617e+02 3.245978575083036617e+02 1.042631697068463609e+03 1.266242119494163489e+03 8.698489937593500976e-02 2.236098385524959156e+02 4.895934583703276530e+02 2.947224296683117473e+00 -1.535384954165881027e+03
5.699999999999999512e-01 5.997148241911129389e+02 1.252464124304122208e+02 3.219374718848188195e+02 3.219374718848188195e+02 1.047237798922541288e+03 1.271861818634254632e+03 8.739970091703080923e-02 2.246234384731941702e+02 4.909590739596509366e+02 2.938943813403375405e+00 -1.539261475230217229e+03
5.750000000000001776e-01 6.060882459296192337e+02 1.284810842176077870e+02 3.193159946371087017e+02 3.193159946371087017e+02 1.051881782666371237e+03 1.277511878516916795e+03 8.780909208384729547e-02 2.256295172037557961e+02 4.923168100623025794e+02 2.930646506080629710e+00 -1.543163436601488456e+03
5.800000000000000711e-01 6.124899924133693503e+02 1.317611360879492679e+02 3.167329462473300055e+02 3.167329462473300055e+02 1.056562962560369442e+03 1.283191600864342490e+03 8.821301208403592442e-02 2.266280622067489787e+02 4.936668118530344032e+02 2.922336421036529241e+00 -1.547090214585148942e+03
5.849999999999999645e-01 6.189202102221153154e+02 1.350864616241782414e+02 3.141878406065386571e+02 3.141878406065386571e+02 1.061280652151939421e+03 1.288900293754347786e+03 8.861140963241564972e-02 2.276190680133842932e+02 4.950092199756232390e+02 2.914017573163725228e+00 -1.551041132748658811e+03
5.899999999999998579e-01 6.253790424930508607e+02 1.384569480906089041e+02 3.116801858306597524e+02 3.116801858306597524e+02 1.066034165176411079e+03 1.294637272175695443e+03 8.900424254088057374e-02 2.286025358778846908e+02 4.963441706792693253e+02 2.905693932463440987e+00 -1.555015467783609893e+03
5.949999999999999734e-01 6.318666289566800742e+02 1.418724768783611978e+02 3.092094850567491449e+02 3.092094850567491449e+02 1.070822816420270101e+03 1.300401858546288167e+03 8.939147730550289772e-02 2.295784734324473106e+02 4.976717959538242440e+02 2.897369411190684030e+00 -1.559012455111992040e+03
5.999999999999999778e-01 6.383831059751801149e+02 1.453329239421448733e+02 3.067752372172662376e+02 3.067752372172662376e+02 1.075645922546475276e+03 1.306193383195541401e+03 8.977308869281047654e-02 2.305468943443070771e+02 4.989922236636290336e+02 2.889047852638750857e+00 -1.563031294233810058e+03
6.049999999999999822e-01 6.449286065830879124e+02 1.488381602264569210e+02 3.043769377903809641e+02 3.043769377903809641e+02 1.080502802878565490e+03 1.312011184809165570e+03 9.014905932723221715e-02 2.315078179764085746e+02 5.003055776797216367e+02 2.880733020865194227e+00 -1.567071153802886101e+03
6.099999999999999867e-01 6.515032605301205422e+02 1.523880520808176868e+02 3.020140795246526864e+02 3.020140795246526864e+02 1.085392780143602522e+03 1.317854610837604469e+03 9.051937928136966072e-02 2.324612690528900316e+02 5.016119780102191612e+02 2.872428591386556374e+00 -1.571131176433467544e+03
6.149999999999999911e-01 6.581071943259408954e+02 1.559824616630023399e+02 2.996861531366664622e+02 2.996861531366664622e+02 1.090315181172865778e+03 1.323723017868200259e+03 9.088404567074148677e-02 2.334072773305672115e+02 5.029115409286669660e+02 2.864138143297682682e+00 -1.575210483233622199e+03
6.199999999999999956e-01 6.647405312866960685e+02 1.596212473291670335e+02 2.973926479804939618e+02 2.973926479804939618e+02 1.095269337559292580e+03 1.329615771961069640e+03 9.124306225437683882e-02 2.343458772773678334e+02 5.042043791001831323e+02 2.855865152208936664e+00 -1.579308178067369681e+03
6.250000000000000000e-01 6.714033915831547574e+02 1.633042640113200150e+02 2.951330526881145602e+02 2.951330526881145602e+02 1.100254586273307723e+03 1.335532248951159545e+03 9.159643904248998547e-02 2.352771077585442754e+02 5.054906017052417724e+02 2.847612984205280195e+00 -1.583423351546989807e+03
6.299999999999998934e-01 6.780958922902581207e+02 1.670313635799833776e+02 2.929068557801156771e+02 2.929068557801156771e+02 1.105270270234445888e+03 1.341471834714669058e+03 9.194419191245833956e-02 2.362010117314851811e+02 5.067703145609288526e+02 2.839384890892868718e+00 -1.587555084762615252e+03
6.350000000000000089e-01 6.848181474379279052e+02 1.708023951935469427e+02 2.907135462462738928e+02 2.907135462462738928e+02 1.110315738842305564e+03 1.347433925403897774e+03 9.228634223392484515e-02 2.371176359496093653e+02 5.080436202395702594e+02 2.831184005144965710e+00 -1.591702452745497794e+03
6.400000000000000133e-01 6.915702680629636916e+02 1.746172056323008235e+02 2.885526140957637153e+02 2.885526140957637153e+02 1.115390348464561384e+03 1.353417927648851446e+03 9.262291650397697085e-02 2.380270306759441041e+02 5.093106181845964215e+02 2.823013337926954858e+00 -1.595864527682295829e+03
6.450000000000000178e-01 6.983523622618746458e+02 1.784756396183813081e+02 2.864235508769589842e+02 2.864235508769589842e+02 1.120493462885214512e+03 1.359423258729079180e+03 9.295394599304035443e-02 2.389292494067307473e+02 5.105714048235620908e+02 2.814875775702557981e+00 -1.600040381877699701e+03
6.500000000000001332e-01 7.051645352444919581e+02 1.823775401205950288e+02 2.843258501669450311e+02 2.843258501669450311e+02 1.125624453712481909e+03 1.365449346715518004e+03 9.327946640207956941e-02 2.398243486053709148e+02 5.118260736782393110e+02 2.806774078668622607e+00 -1.604229090478522721e+03
6.550000000000000266e-01 7.120068893882227030e+02 1.863227486447321724e+02 2.822590080310152985e+02 2.822590080310152985e+02 1.130782700748470688e+03 1.371495630584664013e+03 9.359951753156120491e-02 2.407123874469216958e+02 5.130747154717215608e+02 2.798710879784024552e+00 -1.608429733968538585e+03
6.599999999999999201e-01 7.188795242928094922e+02 1.903111055089479748e+02 2.802225234525497513e+02 2.802225234525497513e+02 1.135967592321080474e+03 1.377561560305693547e+03 9.391414296258393524e-02 2.415934275733165180e+02 5.143174182324846697e+02 2.790688684129333907e+00 -1.612641400436781169e+03
6.650000000000000355e-01 7.257825368354557440e+02 1.943424501047230990e+02 2.782158987338140719e+02 2.782158987338140719e+02 1.141178525580129190e+03 1.383646596902524152e+03 9.422338975034322273e-02 2.424675328592975063e+02 5.155542673953851818e+02 2.782709869152489190e+00 -1.616863187636530483e+03
6.700000000000000400e-01 7.327160212262048162e+02 1.984166211433934848e+02 2.762386398682821778e+02 2.762386398682821778e+02 1.146414906758725010e+03 1.389750212491937418e+03 9.452730813023157985e-02 2.433347691891736417e+02 5.167853458995530218e+02 2.774776685284109146e+00 -1.621094204837897678e+03
6.750000000000000444e-01 7.396800690634543116e+02 2.025334568887236628e+02 2.742902568852244372e+02 2.742902568852244372e+02 1.151676151401793049e+03 1.395871890299522875e+03 9.482595123652448610e-02 2.441952042442301263e+02 5.180107342831969390e+02 2.766891256897208606e+00 -1.625333574492508887e+03
6.800000000000000488e-01 7.466747693894956228e+02 2.066927953754359351e+02 2.723702641673325502e+02 2.723702641673325502e+02 1.156961684562660139e+03 1.402011124654311288e+03 9.511937483377669311e-02 2.450489073007771310e+02 5.192305107753041966e+02 2.759055583999837413e+00 -1.629580433708357532e+03
6.849999999999999423e-01 7.537002087459751465e+02 2.108944746143429256e+02 2.704781807422434667e+02 2.704781807422434667e+02 1.162270940969755657e+03 1.408167420963967970e+03 9.540763706082805440e-02 2.458959490386463358e+02 5.204447513842593480e+02 2.751271543980396306e+00 -1.633833935557654513e+03
6.900000000000000577e-01 7.607564712291884916e+02 2.151383327845677229e+02 2.686135305488641620e+02 2.686135305488641620e+02 1.167603365165175319e+03 1.414340295672111097e+03 9.569079818731185405e-02 2.467364013599486441e+02 5.216535299834041552e+02 2.743540893837146832e+00 -1.638093250217995319e+03
6.950000000000000622e-01 7.678436385451196884e+02 2.194242084126562702e+02 2.667758426794472939e+02 2.667758426794472939e+02 1.172958411615773002e+03 1.420529276198238449e+03 9.596892038252874402e-02 2.475703372178942061e+02 5.228569183935669571e+02 2.735865272683307925e+00 -1.642357565962577610e+03
7.000000000000001776e-01 7.749617900641334245e+02 2.237519405397099206e+02 2.649646515983835684e+02 2.649646515983835684e+02 1.178335544799490208e+03 1.426733900862633163e+03 9.624206749643732239e-02 2.483978304553905332e+02 5.240549864626109411e+02 2.728246204525560437e+00 -1.646626090009001473e+03
7.050000000000000711e-01 7.821110028752664221e+02 2.281213688766268035e+02 2.631794973387200116e+02 2.631794973387200116e+02 1.183734239267839712e+03 1.432953718797012243e+03 9.651030485256328895e-02 2.492189556531878054e+02 5.252478021420370169e+02 2.720685101104238779e+00 -1.650898049228326499e+03
7.099999999999999645e-01 7.892913518400308703e+02 2.325323339476610442e+02 2.614199256773993056e+02 2.614199256773993056e+02 1.189153979685827835e+03 1.439188289841820733e+03 9.677369905252064530e-02 2.500337879872583642e+02 5.264354315607014314e+02 2.713183265029140756e+00 -1.655172690739757400e+03
7.149999999999999689e-01 7.965029096456771640e+02 2.369846772230761474e+02 2.596854882902471786e+02 2.596854882902471786e+02 1.194594260851241415e+03 1.445437184431823425e+03 9.703231779183685290e-02 2.508424030951046291e+02 5.276179390957059923e+02 2.705741893082965088e+00 -1.659449282379694978e+03
7.199999999999999734e-01 8.037457468578575117e+02 2.414782412418020954e+02 2.579757428877127836e+02 2.579757428877127836e+02 1.200054587695374721e+03 1.451699983471749874e+03 9.728622968674932592e-02 2.516448769506774568e+02 5.287953874405250190e+02 2.698362079622079523e+00 -1.663727113074942054e+03
7.249999999999999778e-01 8.110199319726435760e+02 2.460128697231591275e+02 2.562902533323802459e+02 2.562902533323802459e+02 1.205534475264603316e+03 1.457976278201107334e+03 9.753550411165862188e-02 2.524412857476096406e+02 5.299678376704285938e+02 2.691044819883122496e+00 -1.668005493110821135e+03
7.299999999999999822e-01 8.183255314678455079e+02 2.505884076698058891e+02 2.546285897392353945e+02 2.546285897392353945e+02 1.211033448686622251e+03 1.464265670051577217e+03 9.778021104680278963e-02 2.532317057903736668e+02 5.311353493052858994e+02 2.683791013692607752e+00 -1.672283754310591803e+03
7.349999999999998757e-01 8.256626098535998608e+02 2.552047014611762279e+02 2.529903285596705871e+02 2.529903285596705871e+02 1.216551043120925669e+03 1.470567770496294088e+03 9.802042093585078275e-02 2.540162133930924142e+02 5.322979803698076466e+02 2.676601468855022592e+00 -1.676561250136911440e+03
7.399999999999999911e-01 8.330312297221859126e+02 2.598615989380150495e+02 2.513750526501910088e+02 2.513750526501910088e+02 1.222086803695008030e+03 1.476882200892163382e+03 9.825620455300010381e-02 2.547948847856422674e+02 5.334557874513081970e+02 2.669476904847789100e+00 -1.680837355713954139e+03
7.450000000000001066e-01 8.404314517970384486e+02 2.645589494795160022e+02 2.497823513267564977e+02 2.497823513267564977e+02 1.227640285429004734e+03 1.483208592317523426e+03 9.848763287915784925e-02 2.555677960266861533e+02 5.346088257550693470e+02 2.662417956378205108e+00 -1.685111467782754744e+03
7.500000000000000000e-01 8.478633349809392712e+02 2.692966040716233351e+02 2.482118204056582442e+02 2.482118204056582442e+02 1.233211053147240818e+03 1.489546585403417112e+03 9.871477698690034330e-02 2.563350229233804498e+02 5.357571491573672802e+02 2.655425176910502394e+00 -1.689383004598836123e+03
7.550000000000000044e-01 8.553269364033480997e+02 2.740744153689791460e+02 2.466630622318332087e+02 2.466630622318332087e+02 1.238798681380718790e+03 1.495895830162023458e+03 9.893770793372302919e-02 2.570966409573445048e+02 5.369008102562590921e+02 2.648499042300371364e+00 -1.693651405767723645e+03
7.600000000000001199e-01 8.628223114668738845e+02 2.788922377491734323e+02 2.451356856954452894e+02 2.451356856954452894e+02 1.244402754259038147e+03 1.502255985810589209e+03 9.915649666327969181e-02 2.578527252166464336e+02 5.380398604201900525e+02 2.641639954196719042e+00 -1.697916132038320711e+03
7.650000000000000133e-01 8.703495138928517463e+02 2.837499273608234489e+02 2.436293062375690681e+02 2.436293062375690681e+02 1.250022865394383871e+03 1.508626720593040091e+03 9.937121391416853244e-02 2.586033503334410852e+02 5.391743498345106218e+02 2.634848243547208035e+00 -1.702176665049140865e+03
7.700000000000000178e-01 8.779085957660282702e+02 2.886473421653982996e+02 2.421435458457590926e+02 2.421435458457590926e+02 1.255658617757781258e+03 1.515007711599255572e+03 9.958193013593158449e-02 2.593485904269915068e+02 5.403043275459730239e+02 2.628124174040266325e+00 -1.706432507032661078e+03
7.750000000000000222e-01 8.854996075783348033e+02 2.935843419735848556e+02 2.406780330402590096e+02 2.406780330402590096e+02 1.261309623549066146e+03 1.521398644583123087e+03 9.978871541185807548e-02 2.600885190517420824e+02 5.414298415052900282e+02 2.621467945330606675e+00 -1.710683180492980682e+03
7.800000000000000266e-01 8.931225982717506895e+02 2.985607884757624220e+02 2.392324028515734824e+02 2.392324028515734824e+02 1.266975504060333833e+03 1.527799213778863532e+03 9.999163938828203868e-02 2.608232091502001140e+02 5.425509386078219904e+02 2.614879696357198302e+00 -1.714928227845539595e+03
7.850000000000000311e-01 9.007776152802437082e+02 3.035765452679746090e+02 2.378062967900951605e+02 2.378062967900951605e+02 1.272655889535018105e+03 1.534209121717476364e+03 1.001907712099842085e-01 2.615527330103141139e+02 5.436676647324743499e+02 2.608359508518958592e+00 -1.719167211038859023e+03
7.900000000000000355e-01 9.084647045707949928e+02 3.086314778725377437e+02 2.363993628084419925e+02 2.363993628084419925e+02 1.278350419021708831e+03 1.540628079042192894e+03 1.003861794613631897e-01 2.622771622270851140e+02 5.447800647788758397e+02 2.601907408774161823e+00 -1.723399711146128766e+03
7.950000000000000400e-01 9.161839106834972881e+02 3.137254537548703865e+02 2.350112552571166020e+02 2.350112552571166020e+02 1.284058740225082147e+03 1.547055804324991641e+03 1.005779321130793047e-01 2.629965676681832178e+02 5.458881827029022134e+02 2.595523372519925154e+00 -1.727625327948008135e+03
8.000000000000000444e-01 9.239352767707496241e+02 3.188583423361316136e+02 2.336416348340849822e+02 2.336416348340849822e+02 1.289780509353519619e+03 1.553492023883601178e+03 1.007660964738218978e-01 2.637110194432944468e+02 5.469920615506209742e+02 2.589207326694099809e+00 -1.731843679491653120e+03
8.049999999999999378e-01 9.317188446355172573e+02 3.240300150017784517e+02 2.322901685288688327e+02 2.322901685288688327e+02 1.295515390963968684e+03 1.559936471599125070e+03 1.009507391468499327e-01 2.644205868769236076e+02 5.480917434907330517e+02 2.582959152402049874e+00 -1.736054401640340302e+03
8.100000000000000533e-01 9.395346547687069005e+02 3.292403451067782498e+02 2.309565295615898322e+02 2.309565295615898322e+02 1.301263057804870186e+03 1.566388888735166574e+03 1.011319259911646062e-01 2.651253384845600181e+02 5.491872698455455293e+02 2.576778687775712839e+00 -1.740257147618445742e+03
8.150000000000000577e-01 9.473827463856240456e+02 3.344892079777771983e+02 2.296403973175634121e+02 2.296403973175634121e+02 1.307023190657970417e+03 1.572849023758773910e+03 1.013097220868484638e-01 2.658253419518318310e+02 5.502786811205766071e+02 2.570665730487252887e+00 -1.744451587539263301e+03
8.200000000000000622e-01 9.552631574615371619e+02 3.397764809117074378e+02 2.283414572778584102e+02 2.283414572778584102e+02 1.312795478178413532e+03 1.579316632162504675e+03 1.014841917043768915e-01 2.665206641165082715e+02 5.513660170328374761e+02 2.564620040361258901e+00 -1.748637407937054377e+03
8.250000000000001776e-01 9.631759247664078885e+02 3.451020431727549749e+02 2.270594009462041072e+02 2.270594009462041072e+02 1.318579616735249147e+03 1.585791476289905631e+03 1.016553982778261589e-01 2.672113709533153383e+02 5.524493165378150934e+02 2.558641341735397035e+00 -1.752814311290476553e+03
8.300000000000000711e-01 9.711210838986487488e+02 3.504657759852635195e+02 2.257939257728606037e+02 2.257939257728606037e+02 1.324375310250522489e+03 1.592273325161350840e+03 1.018234043812074607e-01 2.678975275609200821e+02 5.535286178553172931e+02 2.552729325790242143e+00 -1.756982015548747086e+03
8.350000000000000755e-01 9.790986693181214378e+02 3.558675625253473527e+02 2.245447350755622438e+02 2.245447350755622438e+02 1.330182270039070545e+03 1.598761954303565517e+03 1.019882717083767654e-01 2.685791981515063753e+02 5.546039584940994018e+02 2.546883652834972089e+00 -1.761140253655182960e+03
8.400000000000000799e-01 9.871087143782358453e+02 3.613072879105489505e+02 2.233115379580939361e+02 2.233115379580939361e+02 1.336000214649265445e+03 1.605257145581896793e+03 1.021500610557966593e-01 2.692564460423378137e+02 5.556753752754225388e+02 2.541103954477695659e+00 -1.765288773074144956e+03
8.449999999999999734e-01 9.951512513572312173e+02 3.667848391866908742e+02 2.220940492267656339e+02 2.220940492267656339e+02 1.341828869703348573e+03 1.611758687034236345e+03 1.023088323081526863e-01 2.699293336493366837e+02 5.567429043555570161e+02 2.535389835473349063e+00 -1.769427335319509439e+03
8.499999999999999778e-01 1.003226311488625015e+03 3.723001053136096061e+02 2.208919893051068186e+02 2.208919893051068186e+02 1.347667967739575488e+03 1.618266372708519839e+03 1.024646444265435719e-01 2.705979224824617972e+02 5.578065812472909784e+02 2.529740876006635997e+00 -1.773555715492788295e+03
8.550000000000000933e-01 1.011333924990868127e+03 3.778529771492036957e+02 2.197050841470700107e+02 2.197050841470700107e+02 1.353517248055409482e+03 1.624780002503016021e+03 1.026175554390993949e-01 2.712622731427818508e+02 5.588664408404845290e+02 2.524156633236120495e+00 -1.777673701818481277e+03
8.599999999999999867e-01 1.019474121096200861e+03 3.834433474317739865e+02 2.185330651490172897e+02 2.185330651490172897e+02 1.359376456551848605e+03 1.631299382009280407e+03 1.027676224338471833e-01 2.719224453211124342e+02 5.599225174217152698e+02 2.518636643335042002e+00 -1.781781095191340910e+03
8.649999999999999911e-01 1.027646928078733936e+03 3.890711107616214690e+02 2.173756690607365840e+02 2.173756690607365840e+02 1.365245345580031653e+03 1.637824322358799918e+03 1.029149015536145462e-01 2.725784977980572990e+02 5.609748446930649379e+02 2.513180422988976037e+00 -1.785877708732639576e+03
8.699999999999999956e-01 1.035852373281771179e+03 3.947361635806356617e+02 2.162326378957239115e+02 2.162326378957239115e+02 1.371123673788592441e+03 1.644354640071738004e+03 1.030594479928698126e-01 2.732304884453875502e+02 5.620234557900766958e+02 2.507787471160536796e+00 -1.789963367346437281e+03
8.750000000000000000e-01 1.044090483144379732e+03 4.004384041520392543e+02 2.151037188409427188e+02 2.151037188409427188e+02 1.377011205974405129e+03 1.650890156910198357e+03 1.032013159962640314e-01 2.738784742285764082e+02 5.630683832989407165e+02 2.502457270560396463e+00 -1.794037907290914745e+03
8.800000000000000044e-01 1.052361283227239255e+03 4.061777325378131991e+02 2.139886641662535283e+02 2.139886641662535283e+02 1.382907712933679022e+03 1.657430699733019537e+03 1.033405588588511836e-01 2.745225112104891423e+02 5.641096592729212489e+02 2.497189289112808908e+00 -1.798101175756461089e+03
8.850000000000000089e-01 1.060664798237774448e+03 4.119540505764141471e+02 2.128872311337030396e+02 2.128872311337030396e+02 1.388812971316561516e+03 1.663976100355020435e+03 1.034772289277282598e-01 2.751626545560229715e+02 5.651473152480851923e+02 2.491982981340719494e+00 -1.802153030451868517e+03
8.899999999999999023e-01 1.069001052054583170e+03 4.177672618598324448e+02 2.117991819068338941e+02 2.117991819068338941e+02 1.394726763484043431e+03 1.670526195409461707e+03 1.036113776050488489e-01 2.757989585376749915e+02 5.661813822583529827e+02 2.486837789710539592e+00 -1.806193339202074185e+03
8.949999999999999067e-01 1.077370067751196302e+03 4.236172717085762542e+02 2.107242834601617574e+02 2.107242834601617574e+02 1.400648877365529415e+03 1.677080826212040847e+03 1.037430553522846188e-01 2.764314765419470064e+02 5.672118908499041936e+02 2.481753145808510475e+00 -1.810221979555169810e+03
9.000000000000001332e-01 1.085771867619151180e+03 4.295039871483676848e+02 2.096623074889749603e+02 2.096623074889749603e+02 1.406579106321436939e+03 1.683639838630581153e+03 1.038723116955793668e-01 2.770602610764681231e+02 5.682388710949784354e+02 2.476728471567469114e+00 -1.814238838395443508e+03
9.050000000000000266e-01 1.094206473190440192e+03 4.354273168847020656e+02 2.086130303195586180e+02 2.086130303195586180e+02 1.412517249006271868e+03 1.690203082955962600e+03 1.039991952321488999e-01 2.776853637778110624e+02 5.692623526050912233e+02 2.471763180436555185e+00 -1.818243811575329346e+03
9.100000000000000311e-01 1.102673905259304092e+03 4.413871712776139020e+02 2.075762328199840852e+02 2.075762328199840852e+02 1.418463109234971853e+03 1.696770413776836676e+03 1.041237536375893558e-01 2.783068354198978795e+02 5.702823645437006235e+02 2.466856678299418792e+00 -1.822236803546554484e+03
9.150000000000001465e-01 1.111174183903415951e+03 4.473834623162220510e+02 2.065517003115450336e+02 2.065517003115450336e+02 1.424416495851828813e+03 1.703341689857530810e+03 1.042460336740356763e-01 2.789247259229578049e+02 5.712989356383435506e+02 2.462008364518521120e+00 -1.826217727014026650e+03
9.199999999999999289e-01 1.119707328504461657e+03 4.534161035932683035e+02 2.055392224809510537e+02 2.055392224809510537e+02 1.430377222602325901e+03 1.709916774019274499e+03 1.043660811990351767e-01 2.795390843629337496e+02 5.723120941922815064e+02 2.457217633007803936e+00 -1.830186502585804419e+03
9.250000000000000444e-01 1.128273357768132200e+03 4.594850102788200843e+02 2.045385932933465654e+02 2.045385932933465654e+02 1.436345108006787768e+03 1.716495533023735788e+03 1.044839411751414815e-01 2.801499589813556099e+02 5.733218680956589424e+02 2.452483872873138182e+00 -1.834143058446452869e+03
9.300000000000001599e-01 1.136872289743544798e+03 4.655900990941307214e+02 2.035496109062494554e+02 2.035496109062494554e+02 1.442319975237022845e+03 1.723077837459868306e+03 1.045996576800657385e-01 2.807573971955487195e+02 5.743282848362185860e+02 2.447806469430378939e+00 -1.838087330034984234e+03
9.350000000000000533e-01 1.145504141842096260e+03 4.717312882868234283e+02 2.025720775844584125e+02 2.025720775844584125e+02 1.448301651997105182e+03 1.729663561635210726e+03 1.047132739173550764e-01 2.813614456091639227e+02 5.753313715095878251e+02 2.443184804885996098e+00 -1.842019259728429461e+03
9.400000000000001688e-01 1.154168930855793633e+03 4.779084976027181710e+02 2.016057996159953234e+02 2.016057996159953234e+02 1.454289970403112875e+03 1.736252583466504120e+03 1.048248322275930899e-01 2.819621500230360311e+02 5.763311548291422923e+02 2.438618259140109767e+00 -1.845938796545037121e+03
9.450000000000000622e-01 1.162866672975038000e+03 4.841216482619670956e+02 2.006505872291426442e+02 2.006505872291426442e+02 1.460284766870211797e+03 1.742844784377785118e+03 1.049343740999217900e-01 2.825595554462034329e+02 5.773276611355014438e+02 2.434106210447671614e+00 -1.849845895850405441e+03
9.500000000000000666e-01 1.171597383805901245e+03 4.903706629318495516e+02 1.997062545106092273e+02 1.997062545106092273e+02 1.466285881998637024e+03 1.749440049197634607e+03 1.050419401839825517e-01 2.831537061071863945e+02 5.783209164056365807e+02 2.429648035995578770e+00 -1.853740519075175143e+03
9.550000000000000711e-01 1.180361078386906911e+03 4.966554657011219547e+02 1.987726193248655306e+02 1.987726193248655306e+02 1.472293160463822687e+03 1.756038266060765409e+03 1.051475703021477748e-01 2.837446454654195236e+02 5.793109462616312157e+02 2.425243112616396690e+00 -1.857622633444138273e+03
9.600000000000000755e-01 1.189157771205316294e+03 5.029759820546540254e+02 1.978495032346945663e+02 1.978495032346945663e+02 1.478306450909337855e+03 1.762639326312470757e+03 1.052513034619774190e-01 2.843324162227888792e+02 5.802977759791127710e+02 2.420890817261404759e+00 -1.861492211709987487e+03
9.650000000000000799e-01 1.197987476212948877e+03 5.093321388477850746e+02 1.969367314229713202e+02 1.969367314229713202e+02 1.484325605841848756e+03 1.769243124415269904e+03 1.053531778689241194e-01 2.849170603353035744e+02 5.812814304953557212e+02 2.416590527615356532e+00 -1.865349231904100179e+03
9.699999999999999734e-01 1.206850206841539375e+03 5.157238642807212727e+02 1.960341326157038111e+02 1.960341326157038111e+02 1.490350481528483897e+03 1.775849557858002072e+03 1.054532309391938427e-01 2.854986190248270645e+02 5.822619344170866498e+02 2.412341622485752346e+00 -1.869193677088487448e+03
9.749999999999999778e-01 1.215745976017649127e+03 5.221510878739434247e+02 1.951415390063527298e+02 1.951415390063527298e+02 1.496380937897523836e+03 1.782458527068301919e+03 1.055514993127465440e-01 2.860771327908616399e+02 5.832393120279981531e+02 2.408143482342983699e+00 -1.873025535121466191e+03
9.799999999999999822e-01 1.224674796177147300e+03 5.286137404429014168e+02 1.942587861814445205e+02 1.942587861814445205e+02 1.502416838440572747e+03 1.789069935326582254e+03 1.056480188663987962e-01 2.866526414223593520e+02 5.842135872959880771e+02 2.403995489732525748e+00 -1.876844798429579896e+03
9.849999999999999867e-01 1.233636679279261443e+03 5.351117540734048816e+02 1.933857130474920893e+02 1.933857130474920893e+02 1.508458050117618541e+03 1.795683688682911225e+03 1.057428247270029154e-01 2.872251840095430566e+02 5.851847838801342050e+02 2.399897029583366592e+00 -1.880651463789286936e+03
9.899999999999999911e-01 1.242631636820225594e+03 5.416450620976432901e+02 1.925221617592230245e+02 1.925221617592230245e+02 1.514504443264854444e+03 1.802299695876636633e+03 1.058359512846588912e-01 2.877947989557048913e+02 5.861529251374230398e+02 2.395847489777273687e+00 -1.884445532117741550e+03
9.949999999999999956e-01 1.251659679846532526e+03 5.482135990704055075e+02 1.916679776491378675e+02 1.916679776491378675e+02 1.520555891504760439e+03 1.808917868258230328e+03 1.059274322059440276e-01 2.883615239889739996e+02 5.871180341292387084e+02 2.391846261236708848e+00 -1.888227008266811026e+03
1.000000000000000000e+00 1.260720818967790137e+03 5.548173007440595939e+02 1.908230091583739636e+02 1.908230091583739636e+02 1.526612271656912299e+03 1.815538119711851550e+03 1.060173004471685609e-01 2.889253961740665773e+02 5.880801336276185793e+02 2.387892738396597991e+00 -1.891995900832612733e+03
1.004999999999999893e+00 1.269815064369213360e+03 5.614561040470325679e+02 1.899871077689035133e+02 1.899871077689035133e+02 1.532673463654335592e+03 1.822160366583331097e+03 1.061055882675358553e-01 2.894864519239141600e+02 5.890392461213069737e+02 2.383986319498216044e+00 -1.895752221964293540e+03
1.010000000000000009e+00 1.278942425823746362e+03 5.681299470587874794e+02 1.891601279370385100e+02 1.891601279370385100e+02 1.538739350458184163e+03 1.828784527606470419e+03 1.061923272423397901e-01 2.900447270112939577e+02 5.899953938215840026e+02 2.380126406779413006e+00 -1.899495987186333878e+03
1.014999999999999902e+00 1.288102912703827542e+03 5.748387689888310206e+02 1.883419270282559523e+02 1.883419270282559523e+02 1.544809817978352612e+03 1.835410523835133290e+03 1.062775482760124901e-01 2.906002565802970139e+02 5.909485986679150074e+02 2.376312406766310836e+00 -1.903227215225946111e+03
1.020000000000000018e+00 1.297296533992824607e+03 5.815825101527844936e+02 1.875323652533213021e+02 1.875323652533213021e+02 1.550884754992929857e+03 1.842038278574127389e+03 1.063612816151590645e-01 2.911530751577619753e+02 5.918988823333986602e+02 2.372543730482571167e+00 -1.906945927845135657e+03
1.024999999999999911e+00 1.306523298296117900e+03 5.883611119513757330e+02 1.867313056057137999e+02 1.867313056057137999e+02 1.556964053072347724e+03 1.848667717314629499e+03 1.064435568614457983e-01 2.917032166645569760e+02 5.928462662300451029e+02 2.368819793703867749e+00 -1.910652149682358413e+03
1.029999999999999805e+00 1.315783213851879054e+03 5.951745168487244655e+02 1.859386138003351618e+02 1.859386138003351618e+02 1.563047606504477244e+03 1.855298767670490633e+03 1.065244029844064078e-01 2.922507144267719923e+02 5.937907715138776439e+02 2.365140016985152194e+00 -1.914345908101345685e+03
1.034999999999999920e+00 1.325076288541524946e+03 6.020226683500478657e+02 1.851541582134919963e+02 1.851541582134919963e+02 1.569135312220870674e+03 1.861931359315530244e+03 1.066038483341262832e-01 2.927956011867876782e+02 5.947324190898709730e+02 2.361503826086969848e+00 -1.918027233040727197e+03
1.039999999999999813e+00 1.334402529899864248e+03 6.089055109814596563e+02 1.843778098241432417e+02 1.843778098241432417e+02 1.575227069726651507e+03 1.868565423924351080e+03 1.066819206537751308e-01 2.933379091141978847e+02 5.956712296167365821e+02 2.357910651934295831e+00 -1.921696156875979568e+03
1.044999999999999929e+00 1.343761945124964541e+03 6.158229902696569980e+02 1.836094421563909975e+02 1.836094421563909975e+02 1.581322781031838758e+03 1.875200895114470995e+03 1.067586470920089403e-01 2.938776698166063852e+02 5.966072235115582316e+02 2.354359930767393472e+00 -1.925352714284558033e+03
1.049999999999999822e+00 1.353154541087712005e+03 6.227750527205039361e+02 1.828489312232037776e+02 1.828489312232037776e+02 1.587422350583145317e+03 1.881837708388778765e+03 1.068340542152397266e-01 2.944149143502995116e+02 5.975404209542787157e+02 2.350851104345680564e+00 -1.928996942115291404e+03
1.054999999999999938e+00 1.362580324341115329e+03 6.297616457999766908e+02 1.820961554713600776e+02 1.820961554713600776e+02 1.593525685199537520e+03 1.888475801081604686e+03 1.069081680197079276e-01 2.949496732307375169e+02 5.984708418920606618e+02 2.347383620032911011e+00 -1.932628879266349941e+03
1.059999999999999831e+00 1.372039301129316527e+03 6.367827179145763239e+02 1.813509957275840634e+02 1.813509957275840634e+02 1.599632694008716726e+03 1.895115112305559705e+03 1.069810139434325680e-01 2.954819764429348652e+02 5.993985060435071546e+02 2.343956930803033689e+00 -1.936248566563689110e+03
1.064999999999999947e+00 1.381531477396360287e+03 6.438382183921726210e+02 1.806133351458711331e+02 1.806133351458711331e+02 1.605743288385411006e+03 1.901755582900032095e+03 1.070526168779580845e-01 2.960118534516572595e+02 6.003234329027638978e+02 2.340570495533485840e+00 -1.939856046649965492e+03
1.069999999999999840e+00 1.391056858794702066e+03 6.509280974624479086e+02 1.798830591559695904e+02 1.798830591559695904e+02 1.611857381890606348e+03 1.908397155380514278e+03 1.071230011799617632e-01 2.965393332114962845e+02 6.012456417434960940e+02 2.337223778781900130e+00 -1.943451363876242112e+03
1.074999999999999956e+00 1.400615450693460161e+03 6.580523062394617000e+02 1.791600554130143905e+02 1.791600554130143905e+02 1.617974890214197103e+03 1.915039773891091045e+03 1.071921906826428517e-01 2.970644441767497028e+02 6.021651516227580032e+02 2.333916251219527283e+00 -1.947034564194172845e+03
1.079999999999999849e+00 1.410207258186449963e+03 6.652107967027163795e+02 1.784442137482820954e+02 1.784442137482820954e+02 1.624095731117378364e+03 1.921683384156636066e+03 1.072602087069673971e-01 2.975872143111773767e+02 6.030819813847449495e+02 2.330647389259827396e+00 -1.950605695061575261e+03
1.084999999999999964e+00 1.419832286099966950e+03 6.724035216796768282e+02 1.777354261210574009e+02 1.777354261210574009e+02 1.630219824377765235e+03 1.928327933437460160e+03 1.073270780727053064e-01 2.981076710975758033e+02 6.039961496644465342e+02 2.327416675430733939e+00 -1.954164805341668853e+03
1.089999999999999858e+00 1.429490539000356421e+03 6.796304348293756448e+02 1.770335865715846353e+02 1.770335865715846353e+02 1.636347091736619632e+03 1.934973370485993200e+03 1.073928211092869955e-01 2.986258415471969556e+02 6.049076748911954837e+02 2.324223598321345730e+00 -1.957711945217605944e+03
1.094999999999999973e+00 1.439182021201360612e+03 6.868914906232272415e+02 1.763385911750883395e+02 1.763385911750883395e+02 1.642477456844730796e+03 1.941619645501906916e+03 1.074574596664802928e-01 2.991417522090131911e+02 6.058165752921202056e+02 2.321067652617777810e+00 -1.961247166101152061e+03
1.099999999999999867e+00 1.448906736771255510e+03 6.941866443301396430e+02 1.756503379968430352e+02 1.756503379968430352e+02 1.648610845213372841e+03 1.948266710092177846e+03 1.075210151248691126e-01 2.996554291788127102e+02 6.067228688955049165e+02 2.317948338965194477e+00 -1.964770520549712728e+03
1.104999999999999982e+00 1.458664689539785741e+03 7.015158519991857702e+02 1.749687270482697556e+02 1.749687270482697556e+02 1.654747184164117471e+03 1.954914517229838793e+03 1.075835084061477764e-01 3.001668981081375591e+02 6.076265735340605261e+02 2.314865164165001321e+00 -1.968282062189539829e+03
1.109999999999999876e+00 1.468455883104892564e+03 7.088790704438990815e+02 1.742936602440448439e+02 1.742936602440448439e+02 1.660886402781227844e+03 1.961563021215128629e+03 1.076449599832123294e-01 3.006761842130493960e+02 6.085277068481116203e+02 2.311817641217186470e+00 -1.971781845637955712e+03
1.114999999999999991e+00 1.478280320839261776e+03 7.162762572269422208e+02 1.736250413601923697e+02 1.736250413601923697e+02 1.667028431865380526e+03 1.968212177637851710e+03 1.077053898900834916e-01 3.011833122827539455e+02 6.094262862886977246e+02 2.308805289135965388e+00 -1.975269926430551550e+03
1.119999999999999885e+00 1.488138005896666300e+03 7.237073706436793827e+02 1.729627759931493358e+02 1.729627759931493358e+02 1.673173203887436557e+03 1.974861943339595655e+03 1.077648177316303801e-01 3.016883066880571391e+02 6.103223291205965779e+02 2.305827633004899901e+00 -1.978746360951616225e+03
1.125000000000000000e+00 1.498028941218150294e+03 7.311723697076065491e+02 1.723067715197791472e+02 1.723067715197791472e+02 1.679320652944875519e+03 1.981512276378451816e+03 1.078232626930907267e-01 3.021911913896489636e+02 6.112158524252752159e+02 2.302884204118712308e+00 -1.982211206370156333e+03
1.129999999999999893e+00 1.507953129538017947e+03 7.386712141370419431e+02 1.716569370583151795e+02 1.716569370583151795e+02 1.685470714720264823e+03 1.988163135995628409e+03 1.078807435494158473e-01 3.026919899462408807e+02 6.121068731037646558e+02 2.299974539760982761e+00 -1.985664520573127902e+03
1.135000000000000009e+00 1.517910573389653337e+03 7.462038643373670084e+02 1.710131834302089828e+02 1.710131834302089828e+02 1.691623326436696743e+03 1.994814482578873594e+03 1.079372786744555723e-01 3.031907255225727909e+02 6.129954078794579573e+02 2.297098183250763537e+00 -1.989106362109579095e+03
1.139999999999999902e+00 1.527901275111194991e+03 7.537702813902781145e+02 1.703754231228787717e+02 1.703754231228787717e+02 1.697778426820367940e+03 2.001466277632872107e+03 1.079928860498871046e-01 3.036874208971983080e+02 6.138814733008578060e+02 2.294254683991372890e+00 -1.992536790131030557e+03
1.144999999999999796e+00 1.537925236851020600e+03 7.613704270380312664e+02 1.697435702533187225e+02 1.697435702533187225e+02 1.703935956059544196e+03 2.008118483745897493e+03 1.080475832740439013e-01 3.041820984701956263e+02 6.147650857442374672e+02 2.291443597370574903e+00 -1.995955864334212947e+03
1.149999999999999911e+00 1.547982460573097114e+03 7.690042636706510848e+02 1.691175405325685972e+02 1.691175405325685972e+02 1.710095855767034436e+03 2.014771064559781735e+03 1.081013875704958660e-01 3.046747802706642005e+02 6.156462614162567206e+02 2.288664484730528859e+00 -1.999363644914255246e+03
1.154999999999999805e+00 1.558072948062171690e+03 7.766717543122073266e+02 1.684972512310116315e+02 1.684972512310116315e+02 1.716258068942601312e+03 2.021423984739722982e+03 1.081543157964845459e-01 3.051654879641042726e+02 6.165250163565062849e+02 2.285916913330113154e+00 -2.002760192511213290e+03
1.159999999999999920e+00 1.568196700928815062e+03 7.843728626078119532e+02 1.678826211444897183e+02 1.678826211444897183e+02 1.722422539936826979e+03 2.028077209945368850e+03 1.082063844511769179e-01 3.056542428596458194e+02 6.174013664399969912e+02 2.283200456367699527e+00 -2.006145568163229200e+03
1.164999999999999813e+00 1.578353720614325994e+03 7.921075528117579552e+02 1.672735705612147115e+02 1.672735705612147115e+02 1.728589214416742379e+03 2.034730706803506109e+03 1.082576096837271629e-01 3.061410659171158386e+02 6.182753273795943869e+02 2.280514692859589410e+00 -2.009519833262704424e+03
1.169999999999999929e+00 1.588544008395497258e+03 7.998757897742938212e+02 1.666700212294574044e+02 1.666700212294574044e+02 1.734758039330969268e+03 2.041384442880163078e+03 1.083080073011860045e-01 3.066259777539818856e+02 6.191469147283953589e+02 2.277859207601057090e+00 -2.012883049512016441e+03
1.174999999999999822e+00 1.598767565389239962e+03 8.076775389303221573e+02 1.660718963260003989e+02 1.660718963260003989e+02 1.740928962877301274e+03 2.048038386654947772e+03 1.083575927762118196e-01 3.071089986521280366e+02 6.200161438820573494e+02 2.275233591225101382e+00 -2.016235278884529180e+03
1.179999999999999938e+00 1.609024392557100782e+03 8.155127662850932211e+02 1.654791204253272099e+02 1.654791204253272099e+02 1.747101934468333639e+03 2.054692507493385165e+03 1.084063812546608996e-01 3.075901485645361504e+02 6.208830300810661811e+02 2.272637440001522791e+00 -2.019576583581662589e+03
1.184999999999999831e+00 1.619314490709615711e+03 8.233814384066452021e+02 1.648916194695478907e+02 1.648916194695478907e+02 1.753276904703638365e+03 2.061346775625536793e+03 1.084543875629391252e-01 3.080694471217614137e+02 6.217475884129715951e+02 2.270070355930046802e+00 -2.022907026003035071e+03
1.189999999999999947e+00 1.629637860510577639e+03 8.312835224111107664e+02 1.643093207390226951e+02 1.643093207390226951e+02 1.759453825336399404e+03 2.068001162119066066e+03 1.085016262152692090e-01 3.085469136383469504e+02 6.226098338145570779e+02 2.267531946520138675e+00 -2.026226668702771349e+03
1.194999999999999840e+00 1.639994502481165455e+03 8.392189859527089766e+02 1.637321528236863912e+02 1.637321528236863912e+02 1.765632649244740605e+03 2.074655638856799669e+03 1.085481114207392794e-01 3.090225671190507342e+02 6.234697810739759234e+02 2.265021824913910464e+00 -2.029535574363550722e+03
1.199999999999999956e+00 1.650384417003966291e+03 8.471877972131718479e+02 1.631600455950451760e+02 1.631600455950451760e+02 1.771813330403171221e+03 2.081310178514282143e+03 1.085938570902166278e-01 3.094964262649639863e+02 6.243274448328401149e+02 2.262539609759653292e+00 -2.032833805761354597e+03
