# nB[fm-3], eps[MeVfm-3], p[MeVfm-3], M*_p[MeV], M*_n[MeV], chempo_p[MeV], chempo_n[MeV], xp[], kF_p[MeV], kF_n[MeV], gamma_fixYp[], dchempo_delta_dYp[MeV]
0.005 4.699318627 0.003866173322 923.3863824 923.3863824 932.019894 940.63696 0.0005595423287 8.601901274 104.3684212 1.171146765 nan
0.01 9.404230867 0.008324289365 909.0671509 909.0671509 926.3762242 941.2555156 0.001445431622 14.87051425 131.4571072 1.096064804 nan
0.015 14.11152668 0.01322718996 895.0185511 895.0185511 921.0354134 941.6502582 0.002564886466 20.60851057 150.4245685 1.303109356 nan
0.02 18.82072198 0.01997005552 881.2264615 881.2264615 915.9786887 942.0346019 0.003885598174 26.05090195 165.4905535 1.717506845 nan
0.025 23.53198775 0.03018003807 867.6797355 867.6797355 911.1912466 942.4867115 0.005387038767 31.29129283 178.1796814 2.176338075 nan
0.03 28.24576157 0.04549046239 854.3688894 854.3688894 906.6603288 943.0417343 0.007053557706 36.37781666 189.2383546 2.558616033 nan
0.035 32.96260494 0.06746813467 841.2855824 841.2855824 902.3745062 943.7163735 0.008872015183 41.33870909 199.094562 2.831038673 nan
0.04 37.6831374 0.09758696905 828.422347 828.422347 898.3233331 944.5181091 0.01083074865 46.19194965 208.0193189 3.009226547 -2040.012485
0.045 42.40800207 0.1372198683 815.7724275 815.7724275 894.4971545 945.4493764 0.01291906048 50.94965943 216.1964525 3.11979443 -1687.739066
0.05 47.13784636 0.1876389197 803.3296712 803.3296712 890.8869875 946.5097055 0.01512694479 55.6203707 223.7571338 3.185259766 -1518.337059
0.055 51.87331065 0.2500197013 791.0884494 791.0884494 887.4844424 947.6969154 0.01744493571 60.21030464 230.7986865 3.221487992 -1407.434872
0.06 56.6150217 0.325447689 779.0435974 779.0435974 884.2816678 949.0078232 0.01986402122 64.72413831 237.3955995 3.238941407 -1326.452857
0.065 61.36358882 0.4149257096 767.1903669 767.1903669 881.2713094 950.438685 0.02237559383 69.16548806 243.6063479 3.244372328 -1263.873692
0.07 66.11960178 0.519381845 755.5243858 755.5243858 878.4464791 951.9854804 0.02497142215 73.53722588 249.4778151 3.242130251 -1213.845396
0.075 70.88362999 0.6396774309 744.0416254 744.0416254 875.8007291 953.644099 0.02764363423 77.8416926 255.048268 3.235035827 -1172.964879
0.08 75.65622235 0.7766149261 732.7383712 732.7383712 873.3280305 955.4104659 0.03038470715 82.08084479 260.3494222 3.224936738 -1139.06707
0.085 80.43790763 0.9309455033 721.6111977 721.6111977 871.0227535 957.2806251 0.03318745988 86.25635794 265.4079151 3.213056092 -1110.682913
0.09 85.22919527 1.103376264 710.6569455 710.6569455 868.8796504 959.2507948 0.03604504707 90.3696997 270.2463808 3.200211001 -1086.76623
0.095 90.03057629 1.294577006 699.872701 699.872701 866.8938378 961.3174032 0.03895095311 94.42218261 274.8842496 3.186950862 -1066.543494
0.1 94.84252445 1.505186506 689.2557773 689.2557773 865.0607808 963.4771096 0.04189898552 98.41500213 279.3383544 3.173645882 -1049.425431
0.105 99.66549738 1.735818267 678.8036973 678.8036973 863.3762757 965.7268156 0.04488326752 102.3492643 283.6233971 3.1605445 -1034.952105
0.11 104.4999378 1.987065732 668.5141772 668.5141772 861.8364336 968.0636688 0.04789822983 106.2260061 287.7523128 3.14781116 -1022.757256
0.115 109.3462749 2.259506941 658.3851114 658.3851114 860.4376636 970.4850599 0.05093860147 110.0462099 291.7365573 3.135551495 -1012.544276
0.12 114.2049254 2.553708623 648.4145578 648.4145578 859.1766552 972.9886166 0.0539994 113.8108142 295.5863374 3.123829351 -1004.0695
0.125 119.0762945 2.87022974 638.6007245 638.6007245 858.0503607 975.5721937 0.05707592116 117.520722 299.310797 3.112678456 -997.1302765
0.13 123.9607774 3.209624474 628.9419562 628.9419562 857.0559775 978.2338609 0.06016372808 121.176806 302.9181681 3.102110527 -991.5562452
0.135 128.8587603 3.572444681 619.4367218 619.4367218 856.1909299 980.971889 0.06325864043 124.7799128 306.4158962 3.092120998 -987.2028345
0.14 133.770621 3.959241815 610.083602 610.083602 855.4528507 983.7847345 0.0663567234 128.3308665 309.8107432 3.082693118 -983.9463232
0.145 138.6967301 4.370568353 600.8812776 600.8812776 854.8395627 986.6710237 0.06945427687 131.8304706 313.1088743 3.073800954 -981.6800337
0.15 143.6374516 4.806978736 591.8285175 591.8285175 854.3490605 989.6295357 0.07254782475 135.2795101 316.3159305 3.065411624 -980.3113549
0.155 148.593144 5.269029848 582.9241682 582.9241682 853.9794921 992.6591861 0.07563410467 138.6787526 319.43709 3.057487004 -979.759386
0.16 153.5641604 5.757281067 574.1671425 574.1671425 853.7291404 995.7590094 0.07871005813 142.0289497 322.4771209 3.049985063 -979.9530502
0.165 158.5508496 6.272293915 565.5564086 565.5564086 853.5964059 998.9281425 0.081772821 145.3308382 325.4404259 3.042860939 -980.8295696
0.17 163.5535561 6.814631334 557.0909804 557.0909804 853.5797889 1002.165808 0.08481971466 148.5851407 328.3310807 3.036067823 -982.3332214
0.175 168.5726207 7.38485663 548.7699074 548.7699074 853.6778725 1005.471299 0.08784823755 151.7925665 331.1528678 3.029557712 -984.4143142
0.18 173.608381 7.98353211 540.5922647 540.5922647 853.8893062 1008.843962 0.09085605734 154.953813 333.9093052 3.023282056 -987.0283405
0.185 178.6611713 8.611217463 532.5571442 532.5571442 854.2127903 1012.283182 0.09384100361 158.0695661 336.6036714 3.017192331 -990.1352686
0.19 183.7313228 9.268467904 524.6636452 524.6636452 854.6470607 1015.788372 0.09680106103 161.1405011 339.239028 3.01124055 -993.6989491
0.195 188.819164 9.955832142 516.9108667 516.9108667 855.190875 1019.358954 0.09973436303 164.1672841 341.8182386 3.005379714 -997.6866133
0.2 193.9250204 10.67385019 509.2978987 509.2978987 855.8429991 1022.994353 0.102639186 167.1505725 344.3439861 2.999564225 -1002.068448
0.205 199.0492145 11.42305108 501.8238149 501.8238149 856.6021949 1026.693979 0.1055139436 170.0910162 346.8187876 2.993750255 -1006.817232
0.21 204.1920662 12.20395047 494.487666 494.487666 857.4672093 1030.457222 0.1083571822 172.9892581 349.245008 2.987896069 -1011.908025
0.215 209.3538917 13.01704831 487.2884728 487.2884728 858.4367639 1034.283442 0.1111675756 175.8459357 351.6248717 2.98196231 -1017.317904
0.22 214.5350044 13.86282639 480.2252209 480.2252209 859.5095461 1038.171958 0.1139439206 178.6616814 353.9604733 2.975912246 -1023.025728
0.225 219.7357139 14.74174605 473.2968551 473.2968551 860.6842013 1042.122044 0.1166851333 181.4371235 356.253787 2.969711977 -1029.011942
0.23 224.9563262 15.65424587 466.502275 466.502275 861.9593262 1046.132922 0.1193902442 184.1728869 358.5066752 2.963330595 -1035.258403
0.235 230.1971431 16.60073957 459.8403309 459.8403309 863.333463 1050.203756 0.122058395 186.8695943 360.7208961 2.95674031 -1041.74823
0.24 235.4584622 17.58161395 453.3098209 453.3098209 864.8050957 1054.333651 0.1246888345 189.527866 362.8981105 2.949916539 -1048.465674
0.245 240.7405764 18.59722706 446.9094881 446.9094881 866.3726463 1058.521647 0.1272809146 192.1483211 365.0398884 2.942837948 -1055.396003
0.25 246.0437738 19.64790653 440.6380189 440.6380189 868.0344731 1062.766721 0.1298340869 194.7315777 367.1477143 2.935486465 -1062.525402
0.255 251.368337 20.73394811 434.4940417 434.4940417 869.7888695 1067.067785 0.1323478989 197.2782533 369.2229927 2.927847252 -1069.840886
0.26 256.714543 21.85561442 428.4761262 428.4761262 871.6340639 1071.423683 0.13482199 199.7889651 371.2670528 2.91990865 -1077.330223
0.265 262.0826632 23.01313399 422.5827839 422.5827839 873.568221 1075.833197 0.1372560882 202.2643302 373.2811528 2.911662087 -1084.981872
0.27 267.4729622 24.20670042 416.8124685 416.8124685 875.5894435 1080.295047 0.1396500055 204.7049655 375.2664842 2.903101964 -1092.784917
0.275 272.8856986 25.4364719 411.1635773 411.1635773 877.6957745 1084.807893 0.1420036348 207.1114879 377.2241752 2.894225516 -1100.729023
0.28 278.3211238 26.7025709 405.6344529 405.6344529 879.8852011 1089.370338 0.1443169455 209.484514 379.1552943 2.885032651 -1108.804388
0.285 283.7794823 28.00508413 400.2233858 400.2233858 882.1556582 1093.980935 0.1465899794 211.8246601 381.0608539 2.875525775 -1117.001703
0.29 289.2610109 29.3440627 394.9286166 394.9286166 884.5050333 1098.638185 0.148822847 214.1325419 382.9418129 2.865709602 -1125.312122
0.295 294.7659393 30.71952251 389.7483396 389.7483396 886.9311712 1103.340548 0.1510157232 216.4087739 384.7990797 2.855590954 -1133.727228
0.3 300.294489 32.13144485 384.6807063 384.6807063 889.4318795 1108.086446 0.1531688431 218.6539694 386.6335152 2.845178553 -1142.23901
0.305 305.8468736 33.57977721 379.7238286 379.7238286 892.0049341 1112.874265 0.1552824983 220.8687398 388.4459349 2.834482818 -1150.839839
0.31 311.4232988 35.0644342 374.8757834 374.8757834 894.6480849 1117.702364 0.1573570321 223.0536941 390.2371116 2.823515649 -1159.522446
0.315 317.0239616 36.58529868 370.1346164 370.1346164 897.3590622 1122.56908 0.1593928362 225.2094385 392.0077777 2.812290226 -1168.279909
0.32 322.6490511 38.14222305 365.4983463 365.4983463 900.1355818 1127.472732 0.161390346 227.3365757 393.7586272 2.800820807 -1177.105633
0.325 328.2987477 39.73503054 360.9649695 360.9649695 902.9753518 1132.411625 0.1633500371 229.4357045 395.490318 2.78912253 -1185.993337
0.33 333.9732233 41.36351674 356.5324639 356.5324639 905.8760776 1137.384061 0.1652724212 231.5074191 397.2034736 2.777211233 -1194.937045
0.335 339.6726414 43.02745115 352.198794 352.198794 908.8354682 1142.388336 0.1671580422 233.5523087 398.8986851 2.765103276 -1203.931068
0.34 345.3971569 44.72657873 347.9619144 347.9619144 911.851241 1147.422752 0.169007473 235.5709566 400.5765133 2.752815378 -1212.970001
0.345 351.1469163 46.46062159 343.8197744 343.8197744 914.9211275 1152.485617 0.1708213115 237.5639399 402.2374898 2.740364464 -1222.048708
0.35 356.9220577 48.22928067 339.7703222 339.7703222 918.0428781 1157.575252 0.1726001774 239.5318292 403.8821191 2.727767531 -1231.162315
0.355 362.7227107 50.03223741 335.8115084 335.8115084 921.2142665 1162.689995 0.1743447087 241.4751874 405.5108798 2.715041519 -1240.306202
0.36 368.5489967 51.8691554 331.94129 331.94129 924.433094 1167.8282 0.1760555592 243.3945699 407.1242266 2.702203198 -1249.475996
0.365 374.4010291 53.73968212 328.1576339 328.1576339 927.6971937 1172.98825 0.177733395 245.2905238 408.7225908 2.68926907 -1258.667559
0.37 380.278913 55.6434505 324.4585203 324.4585203 931.0044339 1178.16855 0.179378892 247.1635878 410.3063827 2.676255284 -1267.876984
0.375 386.1827457 57.58008055 320.8419456 320.8419456 934.3527212 1183.367537 0.1809927333 249.0142912 411.875992 2.663177556 -1277.100587
0.38 392.1126169 59.5491809 317.3059255 317.3059255 937.7400036 1188.583678 0.1825756069 250.8431544 413.4317893 2.650051112 -1286.3349
0.385 398.0686086 61.55035031 313.8484976 313.8484976 941.1642729 1193.815478 0.1841282032 252.650688 414.9741274 2.636890628 -1295.57666
0.39 404.0507953 63.58317907 310.4677239 310.4677239 944.623567 1199.061473 0.1856512133 254.4373927 416.503342 2.623710196 -1304.822807
0.395 410.0592446 65.64725041 307.1616928 307.1616928 948.1159717 1204.320241 0.1871453269 256.2037593 418.0197532 2.610523285 -1314.070474
0.4 416.0940167 67.74214177 303.928521 303.928521 951.639622 1209.590396 0.1886112306 257.9502681 419.5236657 2.597342718 -1323.31698
0.405 422.1551653 69.86742601 300.7663558 300.7663558 955.1927038 1214.870596 0.1900496065 259.6773893 421.0153707 2.584180656 -1332.559822
0.41 428.2427373 72.02267263 297.673376 297.673376 958.7734544 1220.159536 0.1914611305 261.3855824 422.4951458 2.571048589 -1341.79667
0.415 434.3567731 74.20744877 294.6477934 294.6477934 962.3801638 1225.455956 0.1928464715 263.0752963 423.9632562 2.55795733 -1351.025358
0.42 440.4973073 76.42132027 291.6878543 291.6878543 966.0111743 1230.758637 0.1942062898 264.7469695 425.4199558 2.544917017 -1360.243877
0.425 446.664368 78.66385259 288.7918398 288.7918398 969.6648814 1236.066401 0.1955412364 266.4010298 426.8654871 2.531937124 -1369.450369
0.43 452.8579778 80.93461169 285.9580672 285.9580672 973.3397338 1241.378115 0.1968519522 268.0378943 428.3000826 2.519026466 -1378.643121
0.435 459.0781539 83.23316476 283.18489 283.18489 977.0342326 1246.692687 0.1981390669 269.6579698 429.7239651 2.506193216 -1387.820554
0.44 465.3249077 85.55908103 280.4706989 280.4706989 980.7469317 1252.009065 0.1994031988 271.2616523 431.137348 2.493444919 -1396.981222
0.445 471.5982459 87.91193237 277.8139216 277.8139216 984.4764369 1257.326243 0.2006449542 272.8493278 432.5404365 2.480788517 -1406.1238
0.45 477.8981699 90.29129391 275.2130233 275.2130233 988.2214053 1262.643253 0.2018649265 274.4213718 433.9334277 2.468230364 -1415.247083
0.455 484.2246766 92.69674459 272.6665067 272.6665067 991.9805446 1267.959167 0.2030636967 275.9781497 435.3165108 2.455776253 -1424.349973
0.46 490.5777582 95.12786759 270.1729119 270.1729119 995.7526122 1273.2731 0.204241832 277.5200169 436.6898683 2.443431436 -1433.43148
0.465 496.9574028 97.58425084 267.730816 267.730816 999.5364144 1278.584201 0.2053998869 279.0473192 438.0536756 2.431200652 -1442.490711
0.47 503.3635942 100.0654873 265.3388333 265.3388333 1003.330805 1283.891663 0.206538402 280.5603925 439.4081021 2.419088149 -1451.526868
0.475 509.7963121 102.5711754 262.9956147 262.9956147 1007.134684 1289.194711 0.2076579043 282.0595632 440.753311 2.40709771 -1460.539239
0.48 516.2555327 105.1009193 260.6998472 260.6998472 1010.946999 1294.492608 0.2087589075 283.5451487 442.0894599 2.395232678 -1469.527194
0.485 522.7412284 107.6543289 258.4502537 258.4502537 1014.766739 1299.784654 0.2098419114 285.0174571 443.4167011 2.383495982 -1478.490181
0.49 529.2533684 110.2310206 256.2455922 256.2455922 1018.592938 1305.070182 0.2109074026 286.4767876 444.7351818 2.371890159 -1487.427721
0.495 535.7919183 112.8306168 254.0846555 254.0846555 1022.424671 1310.348556 0.2119558541 287.9234308 446.0450447 2.360417379 -1496.339401
0.5 542.356841 115.4527465 251.9662704 251.9662704 1026.261055 1315.619175 0.2129877258 289.357669 447.3464277 2.349079468 -1505.22487
0.505 548.9480962 118.0970454 249.8892972 249.8892972 1030.101244 1320.881469 0.2140034643 290.779776 448.6394646 2.337877931 -1514.083839
0.51 555.5656409 120.7631557 247.8526289 247.8526289 1033.944431 1326.134895 0.2150035035 292.1900176 449.924285 2.326813973 -1522.916071
0.515 562.2094295 123.4507264 245.8551903 245.8551903 1037.789847 1331.378944 0.2159882645 293.588652 451.2010149 2.31588852 -1531.721381
0.52 568.8794139 126.1594133 243.895938 243.895938 1041.636757 1336.613129 0.2169581561 294.9759297 452.4697764 2.30510224 -1540.49963
0.525 575.5755436 128.8888788 241.9738589 241.9738589 1045.484461 1341.836995 0.2179135746 296.3520936 453.7306884 2.294455561 -1549.250722
0.53 582.2977659 131.6387924 240.0879698 240.0879698 1049.332292 1347.05011 0.2188549046 297.7173798 454.9838664 2.283948689 -1557.974604
0.535 589.0460261 134.40883 238.2373166 238.2373166 1053.179614 1352.252067 0.219782519 299.0720171 456.2294226 2.273581626 -1566.671258
0.54 595.8202674 137.1986745 236.4209737 236.4209737 1057.025823 1357.442485 0.220696779 300.4162278 457.4674665 2.263354186 -1575.340699
0.545 602.6204311 140.0080154 234.638043 234.638043 1060.870343 1362.621003 0.2215980351 301.7502275 458.6981046 2.25326601 -1583.982976
0.55 609.446457 142.8365488 232.8876533 232.8876533 1064.712627 1367.787283 0.2224866267 303.0742254 459.9214407 2.243316583 -1592.598166
0.555 616.298283 145.6839774 231.1689596 231.1689596 1068.552156 1372.94101 0.2233628826 304.3884248 461.1375759 2.233505246 -1601.18637
0.56 623.1758457 148.5500104 229.4811423 229.4811423 1072.388436 1378.081886 0.2242271214 305.6930228 462.3466091 2.223831207 -1609.747717
0.565 630.07908 151.4343633 227.8234063 227.8234063 1076.220998 1383.209634 0.2250796517 306.9882108 463.5486364 2.214293557 -1618.282354
0.57 637.0079197 154.3367581 226.1949806 226.1949806 1080.049398 1388.323996 0.2259207726 308.2741747 464.7437521 2.204891279 -1626.79045
0.575 643.9622973 157.2569227 224.5951176 224.5951176 1083.873214 1393.42473 0.2267507734 309.5510947 465.9320479 2.195623259 -1635.272192
0.58 650.9421439 160.1945915 223.0230918 223.0230918 1087.692047 1398.511613 0.2275699346 310.8191461 467.1136137 2.186488298 -1643.727782
0.585 657.94739 163.1495047 221.4782001 221.4782001 1091.505518 1403.584435 0.2283785276 312.0784991 468.2885371 2.177485117 -1652.157437
0.59 664.9779645 166.1214083 219.9597602 219.9597602 1095.313269 1408.643005 0.2291768155 313.3293187 469.4569041 2.16861237 -1660.561386
0.595 672.033796 169.1100543 218.4671106 218.4671106 1099.114963 1413.687143 0.2299650529 314.5717655 470.6187985 2.15986865 -1668.939872
0.6 679.1148116 172.1152002 216.9996096 216.9996096 1102.910278 1418.716686 0.2307434863 315.8059953 471.7743025 2.151252495 -1677.293147
0.605 686.2209382 175.1366092 215.5566347 215.5566347 1106.698912 1423.731483 0.2315123546 317.0321597 472.9234965 2.142762398 -1685.62147
0.61 693.3521017 178.1740498 214.1375822 214.1375822 1110.48058 1428.731396 0.232271889 318.2504057 474.0664593 2.134396812 -1693.925111
0.615 700.5082272 181.2272959 212.7418666 212.7418666 1114.255012 1433.716298 0.2330223136 319.4608765 475.203268 2.126154155 -1702.204345
0.62 707.6892394 184.2961266 211.3689196 211.3689196 1118.021956 1438.686074 0.2337638452 320.663711 476.3339982 2.118032818 -1710.459452
0.625 714.8950625 187.3803261 210.0181902 210.0181902 1121.781172 1443.640622 0.2344966941 321.8590444 477.4587239 2.110031166 -1718.69072
0.63 722.1256201 190.4796836 208.6891434 208.6891434 1125.532435 1448.579847 0.2352210637 323.0470082 478.5775177 2.102147547 -1726.898438
0.635 729.3808353 193.593993 207.3812605 207.3812605 1129.275534 1453.503667 0.2359371513 324.2277301 479.690451 2.094380294 -1735.082899
0.64 736.660631 196.7230532 206.0940379 206.0940379 1133.010271 1458.412007 0.2366451478 325.4013345 480.7975934 2.086727727 -1743.2444
0.645 743.9649295 199.8666675 204.8269869 204.8269869 1136.73646 1463.304802 0.2373452385 326.5679422 481.8990134 2.079188162 -1751.383238
0.65 751.293653 203.0246438 203.5796332 203.5796332 1140.453926 1468.181995 0.2380376026 327.727671 482.9947784 2.071759909 -1759.499712
0.655 758.6467234 206.1967944 202.3515164 202.3515164 1144.162506 1473.043539 0.238722414 328.8806354 484.0849543 2.064441276 -1767.594124
0.66 766.0240622 209.382936 201.1421897 201.1421897 1147.862049 1477.889391 0.2393998413 330.0269468 485.1696059 2.057230576 -1775.666772
0.665 773.4255911 212.5828893 199.951219 199.951219 1151.552411 1482.719519 0.2400700477 331.1667136 486.2487966 2.050126124 -1783.717957
0.67 780.8512312 215.7964791 198.7781831 198.7781831 1155.233461 1487.533896 0.2407331916 332.3000417 487.322589 2.04312624 -1791.747979
0.675 788.3009037 219.0235344 197.6226728 197.6226728 1158.905076 1492.332501 0.2413894265 333.4270338 488.3910445 2.036229256 -1799.757136
0.68 795.7745299 222.2638878 196.4842908 196.4842908 1162.56714 1497.11532 0.2420389013 334.5477902 489.4542232 2.029433511 -1807.745725
0.685 803.2720306 225.5173758 195.3626511 195.3626511 1166.219548 1501.882345 0.2426817605 335.6624084 490.5121843 2.022737358 -1815.714042
0.69 810.793327 228.7838387 194.2573788 194.2573788 1169.862202 1506.633574 0.243318144 336.7709838 491.564986 2.016139162 -1823.662381
0.695 818.33834 232.0631202 193.1681097 193.1681097 1173.495012 1511.369008 0.2439481878 337.8736089 492.6126855 2.009637304 -1831.591032
0.7 825.9069908 235.3550676 192.0944898 192.0944898 1177.117895 1516.088655 0.2445720238 338.9703741 493.655339 2.003230181 -1839.500286
0.705 833.4992003 238.6595315 191.0361752 191.0361752 1180.730776 1520.792527 0.2451897798 340.0613677 494.6930018 1.996916204 -1847.390429
0.71 841.1148898 241.9763658 189.9928316 189.9928316 1184.333583 1525.480642 0.2458015801 341.1466755 495.725728 1.990693806 -1855.261744
0.715 848.7539805 245.3054278 188.964134 188.964134 1187.926256 1530.153019 0.2464075453 342.2263813 496.7535713 1.984561436 -1863.114512
0.72 856.4163938 248.6465777 187.9497666 187.9497666 1191.508735 1534.809683 0.2470077925 343.3005669 497.776584 1.978517562 -1870.949011
0.725 864.1020512 251.999679 186.9494221 186.9494221 1195.080971 1539.450662 0.2476024352 344.3693121 498.794818 1.972560674 -1878.765516
0.73 871.8108743 255.3645981 185.962802 185.962802 1198.642917 1544.07599 0.2481915839 345.4326947 499.808324 1.966689281 -1886.564298
0.735 879.542785 258.7412041 184.9896158 184.9896158 1202.194532 1548.685699 0.2487753458 346.4907908 500.817152 1.960901913 -1894.345624
0.74 887.2977053 262.1293691 184.0295809 184.0295809 1205.73578 1553.27983 0.2493538252 347.5436745 501.8213512 1.955197121 -1902.109758
0.745 895.0755574 265.5289679 183.0824225 183.0824225 1209.26663 1557.858423 0.2499271232 348.5914183 502.8209702 1.949573478 -1909.856963
0.75 902.8762637 268.9398781 182.1478732 182.1478732 1212.787056 1562.421522 0.2504953383 349.6340929 503.8160565 1.94402958 -1917.587494
0.755 910.6997469 272.3619797 181.2256727 181.2256727 1216.297035 1566.969174 0.2510585662 350.6717674 504.806657 1.938564041 -1925.301605
0.76 918.5459298 275.7951554 180.3155679 180.3155679 1219.796547 1571.501428 0.2516168998 351.7045094 505.7928181 1.933175501 -1932.999546
0.765 926.4147356 279.2392901 179.4173122 179.4173122 1223.285579 1576.018334 0.2521704295 352.7323849 506.774585 1.92786262 -1940.681563
0.77 934.3060877 282.6942715 178.5306657 178.5306657 1226.76412 1580.519947 0.2527192433 353.7554583 507.7520026 1.92262408 -1948.347899
0.775 942.2199097 286.1599893 177.6553948 177.6553948 1230.232161 1585.006321 0.2532634268 354.7737926 508.725115 1.917458587 -1955.998791
0.78 950.1561256 289.6363357 176.7912719 176.7912719 1233.689698 1589.477514 0.2538030631 355.7874496 509.6939655 1.912364866 -1963.634476
0.785 958.1146596 293.123205 175.9380757 175.9380757 1237.13673 1593.933585 0.2543382333 356.7964894 510.658597 1.907341667 -1971.255184
0.79 966.0954363 296.6204936 175.0955902 175.0955902 1240.573259 1598.374595 0.2548690162 357.8009711 511.6190515 1.902387759 -1978.861142
0.795 974.0983806 300.1281001 174.2636054 174.2636054 1243.999289 1602.800605 0.2553954885 358.8009522 512.5753705 1.897501935 -1986.452575
0.8 982.1234175 303.6459252 173.4419163 173.4419163 1247.414826 1607.211678 0.2559177249 359.7964893 513.5275948 1.892683008 -1994.029701
0.805 990.1704726 307.1738716 172.6303236 172.6303236 1250.819882 1611.607881 0.2564357982 360.7876374 514.4757647 1.887929813 -2001.592738
0.81 998.2394716 310.7118436 171.8286326 171.8286326 1254.214466 1615.989278 0.2569497792 361.7744508 515.4199199 1.883241205 -2009.141899
0.815 1006.330341 314.259748 171.036654 171.036654 1257.598595 1620.355937 0.2574597369 362.7569821 516.3600994 1.878616062 -2016.677392
0.82 1014.443007 317.8174929 170.2542029 170.2542029 1260.972284 1624.707926 0.2579657385 363.7352833 517.2963418 1.874053281 -2024.199422
0.825 1022.577396 321.3849884 169.4810992 169.4810992 1264.335551 1629.045314 0.2584678496 364.7094051 518.2286849 1.86955178 -2031.708192
0.83 1030.733435 324.9621465 168.7171673 168.7171673 1267.688417 1633.368171 0.258966134 365.6793971 519.1571661 1.865110497 -2039.203901
0.835 1038.911053 328.5488806 167.962236 167.962236 1271.030904 1637.676568 0.259460654 366.645308 520.0818224 1.860728389 -2046.686742
0.84 1047.110177 332.145106 167.2161381 167.2161381 1274.363035 1641.970575 0.2599514702 367.6071854 521.0026901 1.856404435 -2054.156908
0.845 1055.330735 335.7507396 166.4787108 166.4787108 1277.684836 1646.250266 0.2604386419 368.5650761 521.9198049 1.852137631 -2061.614587
0.85 1063.572656 339.3656998 165.749795 165.749795 1280.996334 1650.515713 0.2609222267 369.5190258 522.8332023 1.847926993 -2069.059963
0.855 1071.835869 342.9899066 165.0292357 165.0292357 1284.297557 1654.766989 0.261402281 370.4690795 523.7429168 1.843771556 -2076.493218
0.86 1080.120302 346.6232813 164.3168816 164.3168816 1287.588535 1659.004167 0.2618788597 371.415281 524.648983 1.839670373 -2083.914531
0.865 1088.425887 350.2657471 163.6125849 163.6125849 1290.869298 1663.227323 0.2623520164 372.3576736 525.5514347 1.835622515 -2091.324076
0.87 1096.752552 353.9172281 162.9162014 162.9162014 1294.13988 1667.436529 0.2628218034 373.2962995 526.4503051 1.831627071 -2098.722025
0.875 1105.100229 357.5776503 162.2275904 162.2275904 1297.400313 1671.631862 0.2632882717 374.2312003 527.3456273 1.827683148 -2106.108546
0.88 1113.468848 361.2469406 161.5466146 161.5466146 1300.650632 1675.813396 0.2637514713 375.1624166 528.2374336 1.823789869 -2113.483807
0.885 1121.85834 364.9250276 160.8731396 160.8731396 1303.890871 1679.981207 0.2642114508 376.0899883 529.1257562 1.819946377 -2120.847969
0.89 1130.268637 368.6118409 160.2070345 160.2070345 1307.121068 1684.135369 0.2646682578 377.0139547 530.0106264 1.816151827 -2128.201192
0.895 1138.699671 372.3073116 159.5481713 159.5481713 1310.341259 1688.275959 0.2651219386 377.9343541 530.8920756 1.812405395 -2135.543634
0.9 1147.151374 376.0113719 158.8964249 158.8964249 1313.551482 1692.403052 0.2655725387 378.8512244 531.7701344 1.808706269 -2142.875447
0.905 1155.62368 379.7239551 158.2516733 158.2516733 1316.751777 1696.516723 0.2660201025 379.7646026 532.6448331 1.805053657 -2150.196784
0.91 1164.116519 383.444996 157.613797 157.613797 1319.942182 1700.61705 0.2664646731 380.6745249 533.5162017 1.801446777 -2157.507792
0.915 1172.629828 387.1744302 156.9826796 156.9826796 1323.122738 1704.704107 0.2669062931 381.5810273 534.3842695 1.797884868 -2164.808617
0.92 1181.163539 390.9121945 156.3582069 156.3582069 1326.293485 1708.777971 0.2673450037 382.4841447 535.2490658 1.794367179 -2172.099404
0.925 1189.717586 394.658227 155.7402677 155.7402677 1329.454464 1712.838716 0.2677808455 383.3839115 536.1106192 1.790892977 -2179.380291
0.93 1198.291904 398.4124665 155.128753 155.128753 1332.605718 1716.88642 0.268213858 384.2803618 536.9689581 1.787461542 -2186.651417
0.935 1206.886428 402.1748533 154.5235563 154.5235563 1335.747289 1720.921157 0.26864408 385.1735286 537.8241105 1.784072167 -2193.912917
0.94 1215.501094 405.9453283 153.9245737 153.9245737 1338.87922 1724.943002 0.2690715494 386.0634447 538.676104 1.780724161 -2201.164924
0.945 1224.135837 409.7238335 153.3317032 153.3317032 1342.001553 1728.952032 0.2694963031 386.9501421 539.5249657 1.777416844 -2208.407569
0.95 1232.790593 413.510312 152.7448454 152.7448454 1345.114332 1732.948321 0.2699183775 387.8336525 540.3707227 1.77414955 -2215.64098
0.955 1241.465299 417.3047078 152.1639028 152.1639028 1348.217602 1736.931944 0.2703378081 388.7140069 541.2134014 1.770921628 -2222.865282
0.96 1250.159892 421.1069657 151.5887802 151.5887802 1351.311406 1740.902976 0.2707546295 389.5912357 542.0530281 1.767732436 -2230.080599
0.965 1258.874308 424.9170315 151.0193844 151.0193844 1354.395788 1744.861492 0.2711688758 390.465369 542.8896286 1.764581347 -2237.287053
0.97 1267.608486 428.7348519 150.4556242 150.4556242 1357.470795 1748.807565 0.2715805803 391.3364362 543.7232284 1.761467746 -2244.484762
0.975 1276.362363 432.5603744 149.8974105 149.8974105 1360.53647 1752.741269 0.2719897755 392.2044664 544.5538528 1.75839103 -2251.673843
0.98 1285.135878 436.3935474 149.3446558 149.3446558 1363.592859 1756.662679 0.2723964935 393.069488 545.3815267 1.755350605 -2258.854411
0.985 1293.928969 440.2343201 148.7972747 148.7972747 1366.640007 1760.571868 0.2728007654 393.9315292 546.2062746 1.752345891 -2266.026579
0.99 1302.741576 444.0826424 148.2551836 148.2551836 1369.67796 1764.468908 0.273202622 394.7906176 547.0281208 1.749376319 -2273.190457
0.995 1311.573638 447.9384653 147.7183004 147.7183004 1372.706763 1768.353873 0.2736020932 395.6467802 547.8470893 1.746441331 -2280.346155
1 1320.425095 451.8017401 147.1865451 147.1865451 1375.726462 1772.226835 0.2739992085 396.5000439 548.6632037 1.743540379 -2287.493778
1.005 1329.295887 455.6724193 146.6598391 146.6598391 1378.737103 1776.087867 0.2743939967 397.3504349 549.4764874 1.740672925 -2294.633432
1.01 1338.185954 459.5504558 146.1381055 146.1381055 1381.738732 1779.937039 0.274786486 398.1979792 550.2869635 1.737838442 -2301.76522
1.015 1347.095238 463.4358035 145.621269 145.621269 1384.731395 1783.774425 0.2751767043 399.0427022 551.0946548 1.735036414 -2308.889243
1.02 1356.023679 467.3284168 145.1092557 145.1092557 1387.715138 1787.600094 0.2755646787 399.884629 551.8995838 1.732266334 -2316.005599
1.025 1364.971219 471.2282509 144.6019935 144.6019935 1390.690007 1791.414117 0.2759504358 400.7237844 552.7017728 1.729527703 -2323.114388
1.03 1373.937801 475.1352615 144.0994114 144.0994114 1393.656047 1795.216565 0.2763340017 401.5601927 553.5012437 1.726820034 -2330.215704
1.035 1382.923366 479.0494053 143.6014401 143.6014401 1396.613306 1799.007508 0.2767154022 402.3938778 554.2980183 1.724142849 -2337.309642
1.04 1391.927857 482.9706393 143.1080117 143.1080117 1399.561828 1802.787015 0.2770946623 403.2248633 555.0921179 1.721495676 -2344.396294
1.045 1400.951217 486.8989212 142.6190594 142.6190594 1402.50166 1806.555156 0.2774718067 404.0531726 555.8835638 1.718878056 -2351.475751
1.05 1409.993389 490.8342096 142.1345181 142.1345181 1405.432848 1810.311999 0.2778468597 404.8788284 556.6723769 1.716289536 -2358.548102
1.055 1419.054318 494.7764633 141.6543236 141.6543236 1408.355438 1814.057613 0.278219845 405.7018533 557.4585779 1.713729673 -2365.613436
1.06 1428.133947 498.725642 141.1784132 141.1784132 1411.269474 1817.792065 0.278590786 406.5222696 558.2421872 1.71119803 -2372.671837
1.065 1437.23222 502.6817058 140.7067254 140.7067254 1414.175004 1821.515423 0.2789597055 407.3400992 559.0232251 1.708694182 -2379.723392
1.07 1446.349083 506.6446154 140.2391998 140.2391998 1417.072072 1825.227755 0.279326626 408.1553637 559.8017114 1.706217707 -2386.768183
1.075 1455.48448 510.6143322 139.7757773 139.7757773 1419.960724 1828.929127 0.2796915697 408.9680843 560.5776659 1.703768195 -2393.806292
1.08 1464.638356 514.590818 139.3164 139.3164 1422.841005 1832.619605 0.2800545581 409.778282 561.3511081 1.701345242 -2400.837799
1.085 1473.810658 518.5740352 138.8610108 138.8610108 1425.71296 1836.299256 0.2804156127 410.5859775 562.1220572 1.698948452 -2407.862783
1.09 1483.001331 522.5639466 138.4095539 138.4095539 1428.576636 1839.968144 0.2807747543 411.3911912 562.8905324 1.696577434 -2414.881323
1.095 1492.210321 526.5605157 137.9619747 137.9619747 1431.432075 1843.626335 0.2811320035 412.1939431 563.6565523 1.694231807 -2421.893494
1.1 1501.437576 530.5637063 137.5182194 137.5182194 1434.279324 1847.273893 0.2814873804 412.9942532 564.4201356 1.691911197 -2428.899371
1.105 1510.683042 534.5734829 137.0782353 137.0782353 1437.118426 1850.910883 0.2818409049 413.7921408 565.1813008 1.689615234 -2435.899028
1.11 1519.946667 538.5898104 136.6419707 136.6419707 1439.949427 1854.537367 0.2821925966 414.5876254 565.9400659 1.687343558 -2442.892538
1.115 1529.228399 542.6126541 136.2093749 136.2093749 1442.77237 1858.153411 0.2825424745 415.3807259 566.6964489 1.685095814 -2449.879971
1.12 1538.528184 546.6419798 135.7803979 135.7803979 1445.5873 1861.759075 0.2828905576 416.171461 567.4504676 1.682871652 -2456.861399
1.125 1547.845972 550.6777539 135.354991 135.354991 1448.394261 1865.354423 0.2832368643 416.9598492 568.2021395 1.680670732 -2463.836889
1.13 1557.181711 554.719943 134.9331062 134.9331062 1451.193296 1868.939517 0.2835814128 417.7459089 568.9514821 1.678492717 -2470.806511
1.135 1566.53535 558.7685142 134.5146964 134.5146964 1453.984448 1872.514418 0.2839242211 418.5296579 569.6985125 1.676337277 -2477.770329
1.14 1575.906839 562.8234353 134.0997152 134.0997152 1456.767762 1876.079188 0.2842653068 419.3111142 570.4432476 1.674204088 -2484.72841
1.145 1585.296126 566.8846742 133.6881174 133.6881174 1459.54328 1879.633886 0.2846046871 420.0902951 571.1857043 1.672092832 -2491.680819
1.15 1594.703161 570.9521993 133.2798583 133.2798583 1462.311046 1883.178574 0.2849423792 420.867218 571.9258991 1.670003196 -2498.627618
1.155 1604.127895 575.0259794 132.8748941 132.8748941 1465.071101 1886.713311 0.2852783998 421.6418999 572.6638485 1.667934874 -2505.56887
1.16 1613.570278 579.1059838 132.4731818 132.4731818 1467.823489 1890.238156 0.2856127653 422.4143578 573.3995687 1.665887564 -2512.504637
1.165 1623.03026 583.1921821 132.0746792 132.0746792 1470.568252 1893.753169 0.2859454921 423.1846083 574.1330757 1.66386097 -2519.434979
1.17 1632.507793 587.2845442 131.6793448 131.6793448 1473.305432 1897.258408 0.286276596 423.9526677 574.8643854 1.661854801 -2526.359954
1.175 1642.002828 591.3830407 131.2871379 131.2871379 1476.035071 1900.753931 0.2866060928 424.7185523 575.5935135 1.65986877 -2533.279622
1.18 1651.515316 595.487642 130.8980184 130.8980184 1478.75721 1904.239795 0.2869339979 425.4822782 576.3204756 1.657902598 -2540.19404
1.185 1661.04521 599.5983195 130.511947 130.511947 1481.471891 1907.716058 0.2872603266 426.243861 577.045287 1.655956007 -2547.103264
1.19 1670.592461 603.7150445 130.1288849 130.1288849 1484.179155 1911.182778 0.2875850939 427.0033164 577.767963 1.654028728 -2554.00735
1.195 1680.157022 607.8377889 129.7487943 129.7487943 1486.879044 1914.640009 0.2879083145 427.7606599 578.4885184 1.652120494 -2560.906354
1.2 1689.738845 611.9665247 129.3716379 129.3716379 1489.571597 1918.087808 0.2882300029 428.5159066 579.2069683 1.650231042 -2567.800328
